 #        Time[fs] E-potential           E-kinetic     E-Total    E-Total-Avg
           0.48    0.3811000019E-01    0.2024173132E-01    0.5835173151E-01    0.5835173151E-01
           0.97    0.1307726525E-01    0.4396120753E-01    0.5703847279E-01    0.5769510215E-01
           1.45    0.2014312934E-02    0.5524749950E-01    0.5726181243E-01    0.5755067224E-01
           1.94    0.5820804120E-02    0.5208526052E-01    0.5790606464E-01    0.5763952034E-01
           2.42    0.1709671459E-01    0.4119490311E-01    0.5829161769E-01    0.5776993981E-01
           2.90    0.3042530206E-01    0.2803122032E-01    0.5845652238E-01    0.5788437024E-01
           3.39    0.4300349530E-01    0.1557153994E-01    0.5857503523E-01    0.5798303667E-01
           3.87    0.5270277964E-01    0.6006185945E-02    0.5870896558E-01    0.5807377778E-01
           4.35    0.5736937705E-01    0.1427546029E-02    0.5879692308E-01    0.5815412726E-01
           4.84    0.5567317423E-01    0.3095032186E-02    0.5876820642E-01    0.5821553517E-01
           5.32    0.4803905572E-01    0.1061068908E-01    0.5864974480E-01    0.5825500878E-01
           5.81    0.3630537747E-01    0.2221573498E-01    0.5852111246E-01    0.5827718408E-01
           6.29    0.2266890180E-01    0.3571445483E-01    0.5838335663E-01    0.5828535120E-01
           6.77    0.9590719141E-02    0.4851373385E-01    0.5810445299E-01    0.5827242990E-01
           7.26    0.1318918507E-02    0.5622048742E-01    0.5753940593E-01    0.5822356164E-01
           7.74    0.5060963313E-02    0.5192473814E-01    0.5698570145E-01    0.5814619538E-01
           8.22    0.2552443854E-01    0.3205069119E-01    0.5757512972E-01    0.5811260328E-01
           8.71    0.5030827058E-01    0.9111720759E-02    0.5941999134E-01    0.5818523595E-01
           9.19    0.5278353560E-01    0.6859341553E-02    0.5964287716E-01    0.5826195391E-01
           9.68    0.2993787123E-01    0.2789510424E-01    0.5783297547E-01    0.5824050499E-01
          10.16    0.7380637536E-02    0.4960262656E-01    0.5698326409E-01    0.5818063637E-01
          10.64    0.8951550066E-03    0.5654926856E-01    0.5744442356E-01    0.5814717215E-01
          11.13    0.7470256570E-02    0.5056682070E-01    0.5803707727E-01    0.5814238542E-01
          11.61    0.1982045661E-01    0.3852153805E-01    0.5834199466E-01    0.5815070247E-01
          12.09    0.3343226007E-01    0.2505062125E-01    0.5848288132E-01    0.5816398962E-01
          12.58    0.4579354972E-01    0.1281996709E-01    0.5861351681E-01    0.5818127913E-01
          13.06    0.5462785507E-01    0.4124168381E-02    0.5875202345E-01    0.5820241781E-01
          13.55    0.5776264443E-01    0.1049832348E-02    0.5881247677E-01    0.5822420563E-01
          14.03    0.5429351243E-01    0.4448820123E-02    0.5874233256E-01    0.5824207208E-01
          14.51    0.4527152540E-01    0.1333065245E-01    0.5860217785E-01    0.5825407560E-01
          15.00    0.3290871080E-01    0.2556538431E-01    0.5847409511E-01    0.5826117300E-01
          15.48    0.1945891795E-01    0.3886894986E-01    0.5832786782E-01    0.5826325722E-01
          15.96    0.7503216019E-02    0.5049790212E-01    0.5800111813E-01    0.5825531361E-01
          16.45    0.1802775968E-02    0.5558504048E-01    0.5738781645E-01    0.5822979899E-01
          16.93    0.9752882517E-02    0.4722713144E-01    0.5698001395E-01    0.5819409084E-01
          17.42    0.3337789902E-01    0.2459504217E-01    0.5797294119E-01    0.5818794780E-01
          17.90    0.5499485645E-01    0.4754686467E-02    0.5974954292E-01    0.5823015307E-01
          18.38    0.4965038967E-01    0.9643580802E-02    0.5929397047E-01    0.5825814827E-01
          18.87    0.2351535486E-01    0.3392943818E-01    0.5744479304E-01    0.5823729300E-01
          19.35    0.3641515587E-02    0.5334366130E-01    0.5698517688E-01    0.5820599010E-01
          19.83    0.7808570120E-03    0.5680033839E-01    0.5758119540E-01    0.5819075121E-01
          20.32    0.9473031192E-02    0.4865686737E-01    0.5812989856E-01    0.5818930233E-01
          20.80    0.2261748803E-01    0.3577385426E-01    0.5839134229E-01    0.5819400094E-01
          21.29    0.3617144974E-01    0.2235200373E-01    0.5852345347E-01    0.5820148849E-01
          21.77    0.4774899204E-01    0.1090355488E-01    0.5865254692E-01    0.5821151201E-01
          22.25    0.5515653682E-01    0.3612555412E-02    0.5876909223E-01    0.5822363332E-01
          22.74    0.5659367376E-01    0.2197257904E-02    0.5879093166E-01    0.5823570350E-01
          23.22    0.5173778711E-01    0.6959728924E-02    0.5869751603E-01    0.5824532460E-01
          23.71    0.4200279147E-01    0.1656224834E-01    0.5856503981E-01    0.5825184940E-01
          24.19    0.2953668690E-01    0.2891332512E-01    0.5845001202E-01    0.5825581265E-01
          24.67    0.1643316215E-01    0.4184561566E-01    0.5827877781E-01    0.5825626295E-01
          25.16    0.5580096985E-02    0.5228967849E-01    0.5786977547E-01    0.5824883049E-01
          25.64    0.2660341068E-02    0.5454756328E-01    0.5720790435E-01    0.5822919038E-01
          26.12    0.1513230444E-01    0.4191461087E-01    0.5704691531E-01    0.5820729640E-01
          26.61    0.4102448535E-01    0.1745667585E-01    0.5848116120E-01    0.5821227576E-01
          27.09    0.5731832854E-01    0.2614580054E-02    0.5993290860E-01    0.5824300134E-01
          27.58    0.4409883071E-01    0.1467575286E-01    0.5877458357E-01    0.5825232735E-01
          28.06    0.1714001076E-01    0.3998680323E-01    0.5712681399E-01    0.5823292194E-01
          28.54    0.1819332218E-02    0.5527737148E-01    0.5709670369E-01    0.5821366401E-01
          29.03    0.2935612453E-02    0.5483494817E-01    0.5777056063E-01    0.5820627895E-01
          29.51    0.1323778044E-01    0.4500122196E-01    0.5823900240E-01    0.5820681540E-01
          29.99    0.2636599222E-01    0.3206988324E-01    0.5843587545E-01    0.5821050992E-01
          30.48    0.3909567109E-01    0.1944958771E-01    0.5854525880E-01    0.5821582339E-01
          30.96    0.4939366274E-01    0.9274756423E-02    0.5866841916E-01    0.5822289520E-01
          31.45    0.5522128669E-01    0.3547090107E-02    0.5876837680E-01    0.5823128723E-01
          31.93    0.5506637500E-01    0.3696882189E-02    0.5876325718E-01    0.5823934738E-01
          32.41    0.4901180752E-01    0.9645343310E-02    0.5865715083E-01    0.5824558325E-01
          32.90    0.3868187636E-01    0.1985155237E-01    0.5853342873E-01    0.5824981627E-01
          33.38    0.2614666103E-01    0.3227539353E-01    0.5842205456E-01    0.5825231248E-01
          33.86    0.1346855744E-01    0.4474776684E-01    0.5821632427E-01    0.5825179836E-01
          34.35    0.3955054254E-02    0.5378513636E-01    0.5774019061E-01    0.5824459262E-01
          34.83    0.3960492400E-02    0.5313882545E-01    0.5709931785E-01    0.5822868602E-01
          35.32    0.2011199086E-01    0.3712220532E-01    0.5723419618E-01    0.5821506287E-01
          35.80    0.4620370810E-01    0.1269773381E-01    0.5890144191E-01    0.5822433827E-01
          36.28    0.5689506761E-01    0.2960265691E-02    0.5985533330E-01    0.5824608487E-01
          36.77    0.3921283722E-01    0.1911828511E-01    0.5833112233E-01    0.5824720378E-01
          37.25    0.1420043268E-01    0.4283319144E-01    0.5703362411E-01    0.5823144301E-01
          37.73    0.3098041902E-02    0.5417646040E-01    0.5727450230E-01    0.5821917454E-01
          38.22    0.6520102763E-02    0.5140964727E-01    0.5792975003E-01    0.5821551093E-01
          38.70    0.1690198927E-01    0.4140294527E-01    0.5830493454E-01    0.5821662873E-01
          39.19    0.2899305775E-01    0.2944854284E-01    0.5844160059E-01    0.5821940616E-01
          39.67    0.4043307283E-01    0.1809920291E-01    0.5853227574E-01    0.5822322164E-01
          40.15    0.4954049878E-01    0.9113206975E-02    0.5865370575E-01    0.5822840820E-01
          40.64    0.5437914830E-01    0.4369172253E-02    0.5874832055E-01    0.5823459763E-01
          41.12    0.5354016835E-01    0.5199333095E-02    0.5873950145E-01    0.5824053768E-01
          41.60    0.4715633312E-01    0.1148750488E-01    0.5864383801E-01    0.5824522721E-01
          42.09    0.3670973012E-01    0.2182478266E-01    0.5853451279E-01    0.5824855234E-01
          42.57    0.2407749752E-01    0.3433697858E-01    0.5841447610E-01    0.5825043783E-01
          43.06    0.1143310144E-01    0.4672520234E-01    0.5815830379E-01    0.5824940262E-01
          43.54    0.2715573942E-02    0.5490003458E-01    0.5761560852E-01    0.5824236046E-01
          44.02    0.4954220704E-02    0.5207210630E-01    0.5702632700E-01    0.5822899746E-01
          44.51    0.2362933160E-01    0.3382271914E-01    0.5745205074E-01    0.5822055238E-01
          44.99    0.4863966449E-01    0.1056745931E-01    0.5920712380E-01    0.5823116068E-01
          45.48    0.5422534382E-01    0.5430026518E-02    0.5965537034E-01    0.5824631185E-01
          45.96    0.3425530568E-01    0.2373071171E-01    0.5798601740E-01    0.5824357190E-01
          46.44    0.1214864890E-01    0.4490426517E-01    0.5705291407E-01    0.5823116922E-01
          46.93    0.4517106469E-02    0.5293744664E-01    0.5745455311E-01    0.5822316287E-01
          47.41    0.9262336932E-02    0.4876951242E-01    0.5803184936E-01    0.5822121069E-01
          47.89    0.1948987168E-01    0.3882317880E-01    0.5831305048E-01    0.5822213836E-01
          48.38    0.3116727543E-01    0.2725745102E-01    0.5842472645E-01    0.5822416424E-01
          48.86    0.4232955672E-01    0.1620735216E-01    0.5853690888E-01    0.5822726073E-01
          49.35    0.5105666252E-01    0.7620363864E-02    0.5867702638E-01    0.5823167019E-01
          49.83    0.5518226641E-01    0.3582844966E-02    0.5876511138E-01    0.5823684923E-01
          50.31    0.5338962141E-01    0.5350525048E-02    0.5874014645E-01    0.5824168863E-01
          50.80    0.4604267689E-01    0.1259514496E-01    0.5863782185E-01    0.5824546133E-01
          51.28    0.3474832404E-01    0.2377541339E-01    0.5852373744E-01    0.5824808657E-01
          51.76    0.2148716976E-01    0.3688967280E-01    0.5837684256E-01    0.5824928990E-01
          52.25    0.8810852300E-02    0.4925013316E-01    0.5806098546E-01    0.5824754634E-01
          52.73    0.1392780395E-02    0.5608397683E-01    0.5747675722E-01    0.5824047488E-01
          53.22    0.6529495153E-02    0.5049389970E-01    0.5702339485E-01    0.5822941052E-01
          53.70    0.2747950434E-01    0.3029602327E-01    0.5777552761E-01    0.5822532148E-01
          54.18    0.5013841103E-01    0.9312077598E-02    0.5945048863E-01    0.5823626047E-01
          54.67    0.5060258381E-01    0.8769540106E-02    0.5937212391E-01    0.5824631236E-01
          55.15    0.2979887898E-01    0.2795615922E-01    0.5775503820E-01    0.5824200294E-01
          55.63    0.1095390589E-01    0.4621898813E-01    0.5717289402E-01    0.5823270634E-01
          56.12    0.5885814183E-02    0.5173647273E-01    0.5762228692E-01    0.5822744410E-01
          56.60    0.1120060790E-01    0.4688738101E-01    0.5808798890E-01    0.5822625218E-01
          57.09    0.2120466572E-01    0.3710028463E-01    0.5830495034E-01    0.5822691911E-01
          57.57    0.3272083993E-01    0.2570028809E-01    0.5842112802E-01    0.5822855112E-01
          58.05    0.4376942165E-01    0.1478565567E-01    0.5855507732E-01    0.5823127217E-01
          58.54    0.5216650624E-01    0.6530864761E-02    0.5869737101E-01    0.5823512423E-01
          59.02    0.5572971990E-01    0.3040314662E-02    0.5877003456E-01    0.5823950874E-01
          59.50    0.5335881038E-01    0.5375678507E-02    0.5873448889E-01    0.5824353297E-01
          59.99    0.4557568204E-01    0.1305879964E-01    0.5863448168E-01    0.5824668578E-01
          60.47    0.3397322190E-01    0.2454757148E-01    0.5852079337E-01    0.5824887864E-01
          60.96    0.2053083008E-01    0.3782442716E-01    0.5835525724E-01    0.5824972292E-01
          61.44    0.8031895397E-02    0.4997204479E-01    0.5800394018E-01    0.5824778762E-01
          61.92    0.1551427096E-02    0.5586237137E-01    0.5741379847E-01    0.5824127208E-01
          62.41    0.8274677132E-02    0.4879590882E-01    0.5707058595E-01    0.5823219699E-01
          62.89    0.2982801520E-01    0.2814748697E-01    0.5797550217E-01    0.5823022242E-01
          63.37    0.5036187419E-01    0.9149351425E-02    0.5951122561E-01    0.5824000107E-01
          63.86    0.4810677146E-01    0.1108970566E-01    0.5919647712E-01    0.5824724710E-01
          64.34    0.2717915323E-01    0.3051499271E-01    0.5769414594E-01    0.5824308844E-01
          64.83    0.9577707895E-02    0.4766992312E-01    0.5724763102E-01    0.5823565966E-01
          65.31    0.5147796751E-02    0.5250747679E-01    0.5765527354E-01    0.5823136050E-01
          65.79    0.1074327125E-01    0.4731802559E-01    0.5806129684E-01    0.5823011003E-01
          66.28    0.2137490200E-01    0.3690850327E-01    0.5828340527E-01    0.5823049905E-01
          66.76    0.3378351997E-01    0.2465367979E-01    0.5843719976E-01    0.5823199688E-01
          67.24    0.4545598151E-01    0.1314104038E-01    0.5859702190E-01    0.5823462296E-01
          67.73    0.5383113625E-01    0.4906665409E-02    0.5873780166E-01    0.5823821709E-01
          68.21    0.5673868969E-01    0.2053174161E-02    0.5879186386E-01    0.5824214367E-01
          68.70    0.5334454052E-01    0.5394407685E-02    0.5873894821E-01    0.5824564229E-01
          69.18    0.4444199305E-01    0.1418553414E-01    0.5862752719E-01    0.5824831281E-01
          69.66    0.3182825189E-01    0.2666663869E-01    0.5849489058E-01    0.5825002516E-01
          70.15    0.1778666870E-01    0.4049831506E-01    0.5828498376E-01    0.5825026625E-01
          70.63    0.5715218653E-02    0.5215217334E-01    0.5786739199E-01    0.5824764383E-01
          71.12    0.1470063563E-02    0.5579931415E-01    0.5726937771E-01    0.5824098895E-01
          71.60    0.1196103544E-01    0.4517768640E-01    0.5713872184E-01    0.5823354120E-01
          72.08    0.3559606797E-01    0.2275313039E-01    0.5834919837E-01    0.5823431743E-01
          72.57    0.5286789059E-01    0.6814507528E-02    0.5968239812E-01    0.5824397130E-01
          73.05    0.4516502685E-01    0.1377620341E-01    0.5894123026E-01    0.5824858891E-01
          73.53    0.2249474601E-01    0.3502598311E-01    0.5752072912E-01    0.5824380035E-01
          74.02    0.6374360172E-02    0.5089528682E-01    0.5726964699E-01    0.5823743334E-01
          74.50    0.3902510067E-02    0.5380136367E-01    0.5770387374E-01    0.5823396867E-01
          74.99    0.1113139690E-01    0.4696503586E-01    0.5809643276E-01    0.5823308134E-01
          75.47    0.2302359824E-01    0.3530276867E-01    0.5832636691E-01    0.5823367932E-01
          75.95    0.3611499504E-01    0.2237537870E-01    0.5849037374E-01    0.5823531432E-01
          76.44    0.4771057029E-01    0.1093500515E-01    0.5864557545E-01    0.5823791091E-01
          76.92    0.5531496486E-01    0.3450197878E-02    0.5876516274E-01    0.5824122696E-01
          77.40    0.5707751097E-01    0.1714912775E-02    0.5879242375E-01    0.5824467194E-01
          77.89    0.5257034004E-01    0.6151002283E-02    0.5872134232E-01    0.5824763262E-01
          78.37    0.4287854775E-01    0.1572417835E-01    0.5860272610E-01    0.5824982456E-01
          78.86    0.2993401271E-01    0.2852932991E-01    0.5846334262E-01    0.5825113449E-01
          79.34    0.1612399429E-01    0.4211402509E-01    0.5823801938E-01    0.5825105451E-01
          79.82    0.5024420234E-02    0.5278061440E-01    0.5780503463E-01    0.5824835136E-01
          80.31    0.2590644672E-02    0.5464226682E-01    0.5723291149E-01    0.5824223426E-01
          80.79    0.1517612737E-01    0.4203524058E-01    0.5721136795E-01    0.5823606140E-01
          81.27    0.3957336288E-01    0.1893614549E-01    0.5850950837E-01    0.5823768906E-01
          81.76    0.5519769224E-01    0.4532664192E-02    0.5973035643E-01    0.5824652142E-01
          82.24    0.4501122085E-01    0.1384829735E-01    0.5885951819E-01    0.5825012728E-01
          82.73    0.2094271311E-01    0.3651227836E-01    0.5745499147E-01    0.5824547736E-01
          83.21    0.4547559957E-02    0.5268469176E-01    0.5723225171E-01    0.5823958652E-01
          83.69    0.2499524730E-02    0.5517734045E-01    0.5767686518E-01    0.5823633379E-01
          84.18    0.1059237339E-01    0.4749758712E-01    0.5808996050E-01    0.5823549257E-01
          84.66    0.2342612888E-01    0.3491688455E-01    0.5834301343E-01    0.5823610697E-01
          85.14    0.3715428675E-01    0.2136674155E-01    0.5852102830E-01    0.5823772584E-01
          85.63    0.4884799367E-01    0.9830206414E-02    0.5867820008E-01    0.5824021440E-01
          86.11    0.5597477270E-01    0.2813776522E-02    0.5878854922E-01    0.5824329493E-01
          86.60    0.5682324321E-01    0.1976927879E-02    0.5880017109E-01    0.5824640597E-01
          87.08    0.5120620747E-01    0.7507468418E-02    0.5871367588E-01    0.5824900191E-01
          87.56    0.4045872228E-01    0.1812132311E-01    0.5858004539E-01    0.5825083088E-01
          88.05    0.2676553147E-01    0.3165110270E-01    0.5841663417E-01    0.5825174189E-01
          88.53    0.1288153248E-01    0.4526592351E-01    0.5814745598E-01    0.5825117202E-01
          89.01    0.2966067629E-02    0.5469755454E-01    0.5766362217E-01    0.5824797882E-01
          89.50    0.3486923402E-02    0.5363255720E-01    0.5711948060E-01    0.5824187883E-01
          89.98    0.1997333711E-01    0.3735477000E-01    0.5732810712E-01    0.5823696607E-01
          90.47    0.4575879812E-01    0.1309603569E-01    0.5885483381E-01    0.5824027018E-01
          90.95    0.5750865733E-01    0.2304388822E-02    0.5981304615E-01    0.5824863601E-01
          91.43    0.4198034445E-01    0.1659340217E-01    0.5857374662E-01    0.5825035617E-01
          91.92    0.1638943620E-01    0.4084986896E-01    0.5723930515E-01    0.5824503485E-01
          92.40    0.1946850754E-02    0.5526612427E-01    0.5721297502E-01    0.5823963140E-01
          92.89    0.2636658131E-02    0.5510743001E-01    0.5774408814E-01    0.5823705044E-01
          93.37    0.1275954049E-01    0.4540857172E-01    0.5816811222E-01    0.5823669325E-01
          93.85    0.2654876437E-01    0.3186089434E-01    0.5840965871E-01    0.5823758482E-01
          94.34    0.4022249311E-01    0.1835126452E-01    0.5857375763E-01    0.5823930879E-01
          94.82    0.5103389997E-01    0.7680727297E-02    0.5871462727E-01    0.5824173388E-01
          95.30    0.5671051457E-01    0.2091022289E-02    0.5880153686E-01    0.5824457552E-01
          95.79    0.5591238951E-01    0.2873741989E-02    0.5878613150E-01    0.5824731065E-01
          96.27    0.4887361902E-01    0.9804980393E-02    0.5867859941E-01    0.5824947793E-01
          96.76    0.3726800703E-01    0.2126439582E-01    0.5853240285E-01    0.5825089256E-01
          97.24    0.2349059604E-01    0.3486815692E-01    0.5835875296E-01    0.5825142917E-01
          97.72    0.1043563815E-01    0.4764465735E-01    0.5808029550E-01    0.5825058198E-01
          98.21    0.2317994889E-02    0.5528836723E-01    0.5760636212E-01    0.5824740848E-01
          98.69    0.5302335306E-02    0.5182882386E-01    0.5713115917E-01    0.5824193667E-01
          99.17    0.2375838498E-01    0.3371131427E-01    0.5746969926E-01    0.5823816966E-01
          99.66    0.4922145307E-01    0.9800862459E-02    0.5902231553E-01    0.5824197619E-01
         100.14    0.5824557596E-01    0.1534680265E-02    0.5978025622E-01    0.5824940750E-01
         100.63    0.4041475726E-01    0.1800240717E-01    0.5841716443E-01    0.5825021402E-01
         101.11    0.1483606891E-01    0.4233311482E-01    0.5716918373E-01    0.5824504163E-01
         101.59    0.1735182715E-02    0.5549991962E-01    0.5723510233E-01    0.5824023239E-01
         102.08    0.3707974823E-02    0.5408268514E-01    0.5779065996E-01    0.5823810172E-01
         102.56    0.1453796710E-01    0.4366929846E-01    0.5820726556E-01    0.5823795626E-01
         103.04    0.2846369029E-01    0.2997375478E-01    0.5843744507E-01    0.5823889283E-01
         103.53    0.4182916606E-01    0.1676448029E-01    0.5859364634E-01    0.5824055056E-01
         104.01    0.5200006997E-01    0.6727669451E-02    0.5872773942E-01    0.5824281655E-01
         104.50    0.5681551406E-01    0.1989806502E-02    0.5880532056E-01    0.5824542074E-01
         104.98    0.5508545710E-01    0.3692992944E-02    0.5877845005E-01    0.5824787709E-01
         105.46    0.4722367709E-01    0.1143684367E-01    0.5866052076E-01    0.5824976995E-01
         105.95    0.3507030988E-01    0.2343509853E-01    0.5850540842E-01    0.5825093725E-01
         106.43    0.2116184055E-01    0.3715926163E-01    0.5832110218E-01    0.5825125619E-01
         106.91    0.8536278514E-02    0.4949289023E-01    0.5802916874E-01    0.5825025126E-01
         107.40    0.1539626990E-02    0.5601086942E-01    0.5755049641E-01    0.5824709922E-01
         107.88    0.6247806422E-02    0.5087200423E-01    0.5711981065E-01    0.5824204411E-01
         108.37    0.2615795288E-01    0.3142904122E-01    0.5758699410E-01    0.5823911978E-01
         108.85    0.5094756729E-01    0.8244493107E-02    0.5919206039E-01    0.5824335507E-01
         109.33    0.5674740033E-01    0.2970616964E-02    0.5971801730E-01    0.5824988013E-01
         109.82    0.3642950576E-01    0.2175557712E-01    0.5818508288E-01    0.5824959467E-01
         110.30    0.1163355688E-01    0.4542753133E-01    0.5706108821E-01    0.5824438193E-01
         110.78    0.1195674297E-02    0.5607850351E-01    0.5727417780E-01    0.5824014523E-01
         111.27    0.5582133185E-02    0.5228996638E-01    0.5787209957E-01    0.5823854503E-01
         111.75    0.1775271333E-01    0.4052446867E-01    0.5827718200E-01    0.5823871229E-01
         112.24    0.3196694160E-01    0.2652283697E-01    0.5848977857E-01    0.5823979447E-01
         112.72    0.4477483539E-01    0.1385856698E-01    0.5863340237E-01    0.5824148378E-01
         113.20    0.5373746961E-01    0.5015039222E-02    0.5875250883E-01    0.5824366764E-01
         113.69    0.5694767831E-01    0.1858452761E-02    0.5880613107E-01    0.5824606110E-01
         114.17    0.5359619102E-01    0.5155268958E-02    0.5875145998E-01    0.5824820263E-01
         114.66    0.4452816322E-01    0.1408388443E-01    0.5861204765E-01    0.5824973784E-01
         115.14    0.3192237303E-01    0.2652231141E-01    0.5844468444E-01    0.5825055694E-01
         115.62    0.1849861462E-01    0.3975724109E-01    0.5825585571E-01    0.5825057911E-01
         116.11    0.7310152504E-02    0.5066225837E-01    0.5797241088E-01    0.5824942008E-01
         116.59    0.2456137476E-02    0.5507676151E-01    0.5753289899E-01    0.5824644696E-01
         117.07    0.9259109460E-02    0.4794721099E-01    0.5720632045E-01    0.5824214892E-01
         117.56    0.2959848210E-01    0.2821972105E-01    0.5781820315E-01    0.5824040428E-01
         118.04    0.5143358682E-01    0.7903264542E-02    0.5933685136E-01    0.5824489792E-01
         118.53    0.5265540425E-01    0.6847721434E-02    0.5950312569E-01    0.5825003354E-01
         119.01    0.3112889953E-01    0.2680922268E-01    0.5793812221E-01    0.5824876561E-01
         119.49    0.9215217188E-02    0.4786132363E-01    0.5707654082E-01    0.5824401976E-01
         119.98    0.2232336219E-02    0.5518242262E-01    0.5741475884E-01    0.5824067597E-01
         120.46    0.8510140440E-02    0.4947724526E-01    0.5798738570E-01    0.5823965874E-01
         120.94    0.2104410870E-01    0.3729568670E-01    0.5833979540E-01    0.5824005928E-01
         121.43    0.3473246277E-01    0.2378624561E-01    0.5851870838E-01    0.5824116944E-01
         121.91    0.4660443105E-01    0.1204083833E-01    0.5864526938E-01    0.5824277301E-01
         122.40    0.5449747510E-01    0.4254605423E-02    0.5875208052E-01    0.5824478608E-01
         122.88    0.5671381790E-01    0.2078006469E-02    0.5879182437E-01    0.5824693978E-01
         123.36    0.5266400884E-01    0.6060760255E-02    0.5872476909E-01    0.5824881362E-01
         123.85    0.4337910994E-01    0.1520278321E-01    0.5858189315E-01    0.5825011471E-01
         124.33    0.3108524224E-01    0.2733918391E-01    0.5842442616E-01    0.5825079296E-01
         124.81    0.1834331041E-01    0.3991398183E-01    0.5825729224E-01    0.5825081816E-01
         125.30    0.7866752006E-02    0.5012776520E-01    0.5799451720E-01    0.5824982858E-01
         125.78    0.3424706277E-02    0.5412800504E-01    0.5755271132E-01    0.5824714736E-01
         126.27    0.1029062026E-01    0.4692701793E-01    0.5721763820E-01    0.5824320288E-01
         126.75    0.3029847203E-01    0.2758172557E-01    0.5788019760E-01    0.5824181736E-01
         127.23    0.5071620237E-01    0.8689811379E-02    0.5940601375E-01    0.5824624396E-01
         127.72    0.4961487245E-01    0.9784482239E-02    0.5939935469E-01    0.5825061181E-01
         128.20    0.2724277635E-01    0.3053438859E-01    0.5777716494E-01    0.5824882521E-01
         128.68    0.6878566038E-02    0.5016988745E-01    0.5704845349E-01    0.5824431254E-01
         129.17    0.2151676042E-02    0.5532483846E-01    0.5747651450E-01    0.5824143689E-01
         129.65    0.9989282776E-02    0.4806292001E-01    0.5805220278E-01    0.5824073079E-01
         130.14    0.2315971397E-01    0.3522304203E-01    0.5838275601E-01    0.5824125877E-01
         130.62    0.3678139755E-01    0.2176617384E-01    0.5854757139E-01    0.5824239326E-01
         131.10    0.4806838092E-01    0.1059907740E-01    0.5866745833E-01    0.5824396177E-01
         131.59    0.5497927830E-01    0.3782911606E-02    0.5876218991E-01    0.5824586702E-01
         132.07    0.5602758243E-01    0.2750029405E-02    0.5877761184E-01    0.5824781480E-01
         132.55    0.5100004500E-01    0.7683814629E-02    0.5868385963E-01    0.5824940620E-01
         133.04    0.4132496198E-01    0.1720409247E-01    0.5852905445E-01    0.5825042311E-01
         133.52    0.2940299968E-01    0.2897873116E-01    0.5838173084E-01    0.5825089886E-01
         134.01    0.1763124046E-01    0.4060466827E-01    0.5823590872E-01    0.5825084474E-01
         134.49    0.8369357799E-02    0.4960567252E-01    0.5797503032E-01    0.5824985260E-01
         134.97    0.5246626159E-02    0.5226241707E-01    0.5750904323E-01    0.5824719737E-01
         135.46    0.1358911216E-01    0.4365448769E-01    0.5724359985E-01    0.5824361310E-01
         135.94    0.3393452490E-01    0.2419255965E-01    0.5812708455E-01    0.5824319840E-01
         136.43    0.5090253210E-01    0.8644127450E-02    0.5954665955E-01    0.5824782061E-01
         136.91    0.4463037448E-01    0.1445559493E-01    0.5908596941E-01    0.5825078226E-01
         137.39    0.2151814349E-01    0.3599511022E-01    0.5751325371E-01    0.5824818533E-01
         137.88    0.4712497841E-02    0.5240231163E-01    0.5711480947E-01    0.5824420857E-01
         138.36    0.3418381120E-02    0.5422764323E-01    0.5764602435E-01    0.5824211702E-01
         138.84    0.1266300940E-01    0.4550133662E-01    0.5816434602E-01    0.5824184604E-01
         139.33    0.2570704422E-01    0.3272176975E-01    0.5842881396E-01    0.5824249524E-01
         139.81    0.3852005959E-01    0.2003953239E-01    0.5855959198E-01    0.5824359246E-01
         140.30    0.4881263039E-01    0.9853846758E-02    0.5866647715E-01    0.5824505068E-01
         140.78    0.5476783080E-01    0.3982525679E-02    0.5875035648E-01    0.5824678713E-01
         141.26    0.5508615891E-01    0.3663525400E-02    0.5874968431E-01    0.5824850938E-01
         141.75    0.4979049364E-01    0.8856257022E-02    0.5864675066E-01    0.5824986856E-01
         142.23    0.4042713964E-01    0.1808019116E-01    0.5850733080E-01    0.5825074428E-01
         142.71    0.2916602578E-01    0.2923156594E-01    0.5839759173E-01    0.5825124207E-01
         143.20    0.1787695460E-01    0.4039890317E-01    0.5827585777E-01    0.5825132523E-01
         143.68    0.8604172380E-02    0.4937060199E-01    0.5797477437E-01    0.5825039409E-01
         144.17    0.5518661942E-02    0.5189837657E-01    0.5741703852E-01    0.5824759759E-01
         144.65    0.1499476455E-01    0.4217463036E-01    0.5716939491E-01    0.5824399156E-01
         145.13    0.3693115012E-01    0.2133862735E-01    0.5826977748E-01    0.5824407751E-01
         145.62    0.5301769589E-01    0.6680701744E-02    0.5969839764E-01    0.5824890914E-01
         146.10    0.4350508317E-01    0.1542600909E-01    0.5893109226E-01    0.5825116803E-01
         146.58    0.1890009727E-01    0.3843182209E-01    0.5733191936E-01    0.5824813420E-01
         147.07    0.3181839177E-02    0.5393015386E-01    0.5711199304E-01    0.5824439690E-01
         147.55    0.3347267019E-02    0.5436538335E-01    0.5771265037E-01    0.5824265347E-01
         148.04    0.1328081061E-01    0.4492650245E-01    0.5820731306E-01    0.5824253797E-01
         148.52    0.2640402289E-01    0.3203661828E-01    0.5844064117E-01    0.5824318326E-01
         149.00    0.3905353104E-01    0.1950809358E-01    0.5856162461E-01    0.5824421716E-01
         149.49    0.4906517047E-01    0.9606850889E-02    0.5867202136E-01    0.5824560164E-01
         149.97    0.5458946453E-01    0.4163857195E-02    0.5875332172E-01    0.5824723945E-01
         150.45    0.5438168483E-01    0.4356381544E-02    0.5873806638E-01    0.5824881767E-01
         150.94    0.4867123704E-01    0.9955718003E-02    0.5862695504E-01    0.5825002965E-01
         151.42    0.3912053693E-01    0.1938175601E-01    0.5850229294E-01    0.5825083560E-01
         151.91    0.2772039512E-01    0.3069109561E-01    0.5841149074E-01    0.5825134724E-01
         152.39    0.1612914933E-01    0.4213290984E-01    0.5826205917E-01    0.5825138125E-01
         152.87    0.6807882720E-02    0.5104971393E-01    0.5785759665E-01    0.5825013509E-01
         153.36    0.5220880416E-02    0.5200173020E-01    0.5722261061E-01    0.5824689369E-01
         153.84    0.1828367100E-01    0.3889958188E-01    0.5718325288E-01    0.5824354891E-01
         154.32    0.4250895678E-01    0.1614706816E-01    0.5865602494E-01    0.5824484194E-01
         154.81    0.5498661661E-01    0.4829947527E-02    0.5981656414E-01    0.5824975357E-01
         155.29    0.3991010103E-01    0.1862730665E-01    0.5853740767E-01    0.5825064969E-01
         155.78    0.1485479933E-01    0.4226097366E-01    0.5711577299E-01    0.5824712523E-01
         156.26    0.2296450869E-02    0.5491204675E-01    0.5720849761E-01    0.5824390966E-01
         156.74    0.4959401779E-02    0.5289466097E-01    0.5785406275E-01    0.5824270643E-01
         157.23    0.1564687352E-01    0.4263180765E-01    0.5827868117E-01    0.5824281712E-01
         157.71    0.2851323496E-01    0.2994554257E-01    0.5845877753E-01    0.5824347958E-01
         158.20    0.4058237433E-01    0.1798174517E-01    0.5856411950E-01    0.5824446013E-01
         158.68    0.4992062580E-01    0.8755202047E-02    0.5867582785E-01    0.5824577527E-01
         159.16    0.5468789019E-01    0.4064635922E-02    0.5875252611E-01    0.5824731555E-01
         159.65    0.5371577573E-01    0.5010996112E-02    0.5872677184E-01    0.5824876845E-01
         160.13    0.4737469233E-01    0.1124426942E-01    0.5861896176E-01    0.5824988686E-01
         160.61    0.3729589600E-01    0.2121659672E-01    0.5851249272E-01    0.5825067784E-01
         161.10    0.2527708818E-01    0.3314241154E-01    0.5841949973E-01    0.5825118481E-01
         161.58    0.1308764800E-01    0.4512118651E-01    0.5820883451E-01    0.5825105801E-01
         162.07    0.4063913725E-02    0.5363527303E-01    0.5769918675E-01    0.5824941064E-01
         162.55    0.4936746697E-02    0.5211559993E-01    0.5705234663E-01    0.5824584795E-01
         163.03    0.2223176151E-01    0.3506503919E-01    0.5729680070E-01    0.5824303178E-01
         163.52    0.4820395702E-01    0.1084880711E-01    0.5905276413E-01    0.5824542744E-01
         164.00    0.5661715447E-01    0.3211061443E-02    0.5982821591E-01    0.5825009643E-01
         164.48    0.3696441796E-01    0.2122220157E-01    0.5818661953E-01    0.5824990973E-01
         164.97    0.1206887313E-01    0.4493140415E-01    0.5700027729E-01    0.5824624512E-01
         165.45    0.1954238495E-02    0.5535416108E-01    0.5730839957E-01    0.5824350288E-01
         165.94    0.6229002633E-02    0.5171848662E-01    0.5794748925E-01    0.5824263987E-01
         166.42    0.1740375490E-01    0.4090512317E-01    0.5830887807E-01    0.5824283242E-01
         166.90    0.3033941582E-01    0.2811970970E-01    0.5845912551E-01    0.5824345936E-01
         167.39    0.4242744104E-01    0.1614463501E-01    0.5857207605E-01    0.5824440912E-01
         167.87    0.5162328748E-01    0.7079488172E-02    0.5870277565E-01    0.5824573006E-01
         168.35    0.5583165258E-01    0.2952393157E-02    0.5878404574E-01    0.5824727695E-01
         168.84    0.5382664352E-01    0.4920529648E-02    0.5874717317E-01    0.5824870931E-01
         169.32    0.4615065668E-01    0.1247726513E-01    0.5862792181E-01    0.5824979278E-01
         169.81    0.3465654183E-01    0.2385213274E-01    0.5850867457E-01    0.5825053033E-01
         170.29    0.2141784156E-01    0.3696258372E-01    0.5838042527E-01    0.5825089935E-01
         170.77    0.8769723285E-02    0.4932584218E-01    0.5809556547E-01    0.5825045931E-01
         171.26    0.1033856345E-02    0.5646900143E-01    0.5750285777E-01    0.5824834744E-01
         171.74    0.5728125502E-02    0.5120299017E-01    0.5693111567E-01    0.5824463693E-01
         172.22    0.2760228081E-01    0.2997803489E-01    0.5758031570E-01    0.5824277086E-01
         172.71    0.5322998824E-01    0.6268865767E-02    0.5949885401E-01    0.5824628930E-01
         173.19    0.5498600843E-01    0.4652265665E-02    0.5963827410E-01    0.5825017753E-01
         173.68    0.3097605337E-01    0.2677054669E-01    0.5774660007E-01    0.5824877480E-01
         174.16    0.8120248980E-02    0.4882078074E-01    0.5694102972E-01    0.5824514218E-01
         174.64    0.1883639741E-02    0.5556933778E-01    0.5745297752E-01    0.5824294782E-01
         175.13    0.8602158891E-02    0.4945421037E-01    0.5805636926E-01    0.5824243241E-01
         175.61    0.2079804262E-01    0.3755632106E-01    0.5835436368E-01    0.5824274076E-01
         176.09    0.3403130490E-01    0.2445586799E-01    0.5848717289E-01    0.5824341227E-01
         176.58    0.4590474804E-01    0.1270760804E-01    0.5861235607E-01    0.5824442308E-01
         177.06    0.5423106860E-01    0.4515919792E-02    0.5874698839E-01    0.5824579621E-01
         177.55    0.5690232998E-01    0.1902663849E-02    0.5880499383E-01    0.5824731991E-01
         178.03    0.5304981965E-01    0.5686214552E-02    0.5873603420E-01    0.5824864794E-01
         178.51    0.4370717920E-01    0.1489280041E-01    0.5859997962E-01    0.5824960005E-01
         179.00    0.3103499841E-01    0.2743697146E-01    0.5847196988E-01    0.5825020105E-01
         179.48    0.1729817029E-01    0.4101516995E-01    0.5831334024E-01    0.5825037124E-01
         179.96    0.5259613049E-02    0.5269943875E-01    0.5795905180E-01    0.5824958812E-01
         180.45    0.4133791343E-04    0.5728061891E-01    0.5732195682E-01    0.5824710118E-01
         180.93    0.9258978483E-02    0.4769583257E-01    0.5695481105E-01    0.5824364585E-01
         181.42    0.3422958741E-01    0.2383090237E-01    0.5806048978E-01    0.5824315744E-01
         181.90    0.5583714892E-01    0.3976929213E-02    0.5981407813E-01    0.5824733542E-01
         182.38    0.4958743861E-01    0.9621534491E-02    0.5920897310E-01    0.5824988618E-01
         182.87    0.2363527433E-01    0.3375265648E-01    0.5738793081E-01    0.5824760588E-01
         183.35    0.4878243430E-02    0.5214617414E-01    0.5702441757E-01    0.5824437847E-01
         183.84    0.2801571475E-02    0.5483303243E-01    0.5763460391E-01    0.5824277380E-01
         184.32    0.1162197327E-01    0.4653320769E-01    0.5815518095E-01    0.5824254389E-01
         184.80    0.2455699301E-01    0.3383791463E-01    0.5839490764E-01    0.5824294275E-01
         185.29    0.3784768201E-01    0.2067571651E-01    0.5852339852E-01    0.5824367501E-01
         185.77    0.4915443503E-01    0.9506006499E-02    0.5866044153E-01    0.5824476034E-01
         186.25    0.5617181192E-01    0.2611550197E-02    0.5878336211E-01    0.5824615931E-01
         186.74    0.5701066889E-01    0.1790712804E-02    0.5880138169E-01    0.5824759771E-01
         187.22    0.5140447783E-01    0.7292650344E-02    0.5869712817E-01    0.5824875929E-01
         187.71    0.4093148996E-01    0.1762328504E-01    0.5855477500E-01    0.5824954799E-01
         188.19    0.2790222814E-01    0.3053120804E-01    0.5843343619E-01    0.5825002071E-01
         188.67    0.1452098926E-01    0.4373629596E-01    0.5825728523E-01    0.5825003933E-01
         189.16    0.3746293803E-02    0.5409967477E-01    0.5784596857E-01    0.5824900590E-01
         189.64    0.1260526821E-02    0.5593768671E-01    0.5719821353E-01    0.5824632531E-01
         190.12    0.1427247951E-01    0.4280893104E-01    0.5708141055E-01    0.5824336115E-01
         190.61    0.4023601024E-01    0.1829916955E-01    0.5853517979E-01    0.5824410181E-01
         191.09    0.5603428082E-01    0.3882219300E-02    0.5991650012E-01    0.5824833573E-01
         191.58    0.4274333751E-01    0.1598680170E-01    0.5873013921E-01    0.5824955240E-01
         192.06    0.1654038392E-01    0.4059647899E-01    0.5713686291E-01    0.5824674966E-01
         192.54    0.2090133999E-02    0.5503553494E-01    0.5712566893E-01    0.5824393287E-01
         193.03    0.3816739922E-02    0.5396618731E-01    0.5778292723E-01    0.5824277747E-01
         193.51    0.1460190081E-01    0.4364066809E-01    0.5824256890E-01    0.5824277695E-01
         193.99    0.2817389341E-01    0.3027351370E-01    0.5844740711E-01    0.5824328725E-01
         194.48    0.4119111010E-01    0.1737814434E-01    0.5856925444E-01    0.5824409811E-01
         194.96    0.5145103921E-01    0.7244470872E-02    0.5869551008E-01    0.5824521824E-01
         195.45    0.5687926250E-01    0.1907082913E-02    0.5878634542E-01    0.5824655766E-01
         195.93    0.5609830416E-01    0.2670792771E-02    0.5876909693E-01    0.5824784789E-01
         196.41    0.4937181160E-01    0.9284568380E-02    0.5865637998E-01    0.5824885412E-01
         196.90    0.3843256637E-01    0.2009724511E-01    0.5852981148E-01    0.5824954443E-01
         197.38    0.2540255307E-01    0.3300892761E-01    0.5841148068E-01    0.5824994134E-01
         197.86    0.1244135030E-01    0.4574686914E-01    0.5818821944E-01    0.5824979043E-01
         198.35    0.3075015665E-02    0.5461616045E-01    0.5769117612E-01    0.5824842795E-01
         198.83    0.3851439430E-02    0.5322490372E-01    0.5707634315E-01    0.5824557617E-01
         199.32    0.2086198358E-01    0.3648019017E-01    0.5734217375E-01    0.5824338344E-01
         199.80    0.4616168381E-01    0.1290985516E-01    0.5907153898E-01    0.5824538866E-01
         200.28    0.5400836892E-01    0.5796014925E-02    0.5980438384E-01    0.5824915435E-01
         200.77    0.3451046878E-01    0.2365949362E-01    0.5816996240E-01    0.5824896353E-01
         201.25    0.1034748503E-01    0.4665826257E-01    0.5700574760E-01    0.5824597503E-01
         201.73    0.1103313074E-02    0.5621556223E-01    0.5731887531E-01    0.5824375177E-01
         202.22    0.6174177850E-02    0.5178649722E-01    0.5796067507E-01    0.5824307455E-01
         202.70    0.1795406300E-01    0.4037347964E-01    0.5832754264E-01    0.5824327614E-01
         203.19    0.3119947516E-01    0.2727966556E-01    0.5847914071E-01    0.5824383773E-01
         203.67    0.4328831532E-01    0.1529662021E-01    0.5858493553E-01    0.5824464793E-01
         204.15    0.5230294975E-01    0.6399406391E-02    0.5870235614E-01    0.5824573255E-01
         204.64    0.5636634402E-01    0.2406127581E-02    0.5877247160E-01    0.5824697780E-01
         205.12    0.5443527812E-01    0.4298756952E-02    0.5873403508E-01    0.5824812652E-01
         205.61    0.4709166188E-01    0.1152945972E-01    0.5862112160E-01    0.5824900415E-01
         206.09    0.3610077344E-01    0.2240848352E-01    0.5850925696E-01    0.5824961507E-01
         206.57    0.2340849601E-01    0.3498055047E-01    0.5838904648E-01    0.5824994161E-01
         207.06    0.1119257836E-01    0.4693015308E-01    0.5812273144E-01    0.5824964439E-01
         207.54    0.3473711902E-02    0.5409756426E-01    0.5757127616E-01    0.5824806311E-01
         208.02    0.7227363041E-02    0.4981280837E-01    0.5704017141E-01    0.5824525406E-01
         208.51    0.2688267061E-01    0.3074287612E-01    0.5762554673E-01    0.5824381623E-01
         208.99    0.5024118642E-01    0.9145280131E-02    0.5938646656E-01    0.5824646125E-01
         209.48    0.5187215058E-01    0.7684417335E-02    0.5955656792E-01    0.5824948690E-01
         209.96    0.2948587937E-01    0.2832009095E-01    0.5780597032E-01    0.5824846497E-01
         210.44    0.7912954897E-02    0.4909657636E-01    0.5700953126E-01    0.5824561685E-01
         210.93    0.2038553840E-02    0.5544647812E-01    0.5748503196E-01    0.5824387239E-01
         211.41    0.8488719211E-02    0.4958535156E-01    0.5807407077E-01    0.5824348383E-01
         211.89    0.1998131810E-01    0.3837701680E-01    0.5835833490E-01    0.5824374604E-01
         212.38    0.3232736833E-01    0.2614009358E-01    0.5846746191E-01    0.5824425565E-01
         212.86    0.4354155152E-01    0.1502719760E-01    0.5856874912E-01    0.5824499313E-01
         213.35    0.5184474422E-01    0.6847605178E-02    0.5869234939E-01    0.5824600755E-01
         213.83    0.5532174463E-01    0.3439861067E-02    0.5876160569E-01    0.5824717406E-01
         214.31    0.5294585929E-01    0.5776764792E-02    0.5872262408E-01    0.5824824731E-01
         214.80    0.4529986023E-01    0.1331816296E-01    0.5861802320E-01    0.5824908014E-01
         215.28    0.3404436498E-01    0.2446523696E-01    0.5850960194E-01    0.5824966558E-01
         215.76    0.2109777178E-01    0.3726327456E-01    0.5836104634E-01    0.5824991531E-01
         216.25    0.9031574420E-02    0.4898791207E-01    0.5801948649E-01    0.5824939981E-01
         216.73    0.2807272129E-02    0.5459141586E-01    0.5739868799E-01    0.5824750090E-01
         217.22    0.9973308446E-02    0.4702558456E-01    0.5699889301E-01    0.5824472004E-01
         217.70    0.3260738457E-01    0.2535678859E-01    0.5796417316E-01    0.5824409660E-01
         218.18    0.5362889240E-01    0.6028049178E-02    0.5965694158E-01    0.5824722929E-01
         218.67    0.4922085415E-01    0.1000346793E-01    0.5922432208E-01    0.5824939100E-01
         219.15    0.2516962703E-01    0.3232988405E-01    0.5749951108E-01    0.5824773564E-01
         219.63    0.6708469412E-02    0.5038346324E-01    0.5709193265E-01    0.5824518982E-01
         220.12    0.3619422106E-02    0.5403776669E-01    0.5765718879E-01    0.5824389751E-01
         220.60    0.1074578158E-01    0.4739877088E-01    0.5814455246E-01    0.5824367965E-01
         221.09    0.2187906698E-01    0.3647165845E-01    0.5835072543E-01    0.5824391388E-01
         221.57    0.3386042745E-01    0.2459387135E-01    0.5845429880E-01    0.5824437324E-01
         222.05    0.4481810735E-01    0.1376445499E-01    0.5858256234E-01    0.5824511003E-01
         222.54    0.5263443677E-01    0.6083678371E-02    0.5871811514E-01    0.5824613830E-01
         223.02    0.5524189588E-01    0.3530423052E-02    0.5877231893E-01    0.5824727969E-01
         223.50    0.5182529780E-01    0.6888045667E-02    0.5871334346E-01    0.5824828849E-01
         223.99    0.4326637702E-01    0.1533469163E-01    0.5860106865E-01    0.5824905043E-01
         224.47    0.3137828547E-01    0.2710817820E-01    0.5848646367E-01    0.5824956210E-01
         224.96    0.1820447157E-01    0.4010613129E-01    0.5831060286E-01    0.5824969337E-01
         225.44    0.6684550181E-02    0.5123378526E-01    0.5791833544E-01    0.5824898230E-01
         225.92    0.2349637744E-02    0.5493996339E-01    0.5728960113E-01    0.5824692795E-01
         226.41    0.1252522953E-01    0.4453543510E-01    0.5706066463E-01    0.5824439320E-01
         226.89    0.3671325445E-01    0.2154169921E-01    0.5825495366E-01    0.5824441572E-01
         227.38    0.5519614220E-01    0.4525042857E-02    0.5972118506E-01    0.5824755778E-01
         227.86    0.4751495159E-01    0.1143794552E-01    0.5895289712E-01    0.5824905532E-01
         228.34    0.2401158565E-01    0.3340689527E-01    0.5741848091E-01    0.5824729563E-01
         228.83    0.7834271274E-02    0.4939256739E-01    0.5722683867E-01    0.5824513821E-01
         229.31    0.5626242792E-02    0.5212944212E-01    0.5775568492E-01    0.5824410561E-01
         229.79    0.1229988805E-01    0.4584661643E-01    0.5814650448E-01    0.5824390013E-01
         230.28    0.2283911751E-01    0.3548026311E-01    0.5831938062E-01    0.5824405871E-01
         230.76    0.3457730528E-01    0.2386416399E-01    0.5844146926E-01    0.5824447257E-01
         231.25    0.4543624555E-01    0.1315663787E-01    0.5859288341E-01    0.5824520146E-01
         231.73    0.5299973326E-01    0.5731854083E-02    0.5873158734E-01    0.5824621688E-01
         232.21    0.5515455119E-01    0.3622268730E-02    0.5877681992E-01    0.5824732230E-01
         232.70    0.5120449485E-01    0.7509552115E-02    0.5871404697E-01    0.5824829262E-01
         233.18    0.4209327639E-01    0.1651004315E-01    0.5860331954E-01    0.5824902919E-01
         233.66    0.2963110950E-01    0.2884850887E-01    0.5847961837E-01    0.5824950660E-01
         234.15    0.1599870006E-01    0.4227095435E-01    0.5826965441E-01    0.5824954823E-01
         234.63    0.4591059649E-02    0.5323435782E-01    0.5782541747E-01    0.5824867373E-01
         235.12    0.1550231997E-02    0.5564309595E-01    0.5719332795E-01    0.5824650224E-01
         235.60    0.1398389159E-01    0.4313483323E-01    0.5711872481E-01    0.5824418648E-01
         236.08    0.3914392239E-01    0.1933627629E-01    0.5848019868E-01    0.5824467011E-01
         236.57    0.5543722275E-01    0.4303367753E-02    0.5974059050E-01    0.5824772925E-01
         237.05    0.4532104430E-01    0.1343948018E-01    0.5876052448E-01    0.5824877577E-01
         237.53    0.2209905541E-01    0.3527978826E-01    0.5737884367E-01    0.5824700401E-01
         238.02    0.7250167863E-02    0.5004029864E-01    0.5729046650E-01    0.5824505983E-01
         238.50    0.5844142106E-02    0.5192770348E-01    0.5777184558E-01    0.5824409997E-01
         238.99    0.1316698982E-01    0.4496252809E-01    0.5812951791E-01    0.5824386802E-01
         239.47    0.2457357097E-01    0.3375154726E-01    0.5832511824E-01    0.5824403216E-01
         239.95    0.3706383921E-01    0.2141830549E-01    0.5848214470E-01    0.5824451223E-01
         240.44    0.4805645469E-01    0.1058954823E-01    0.5864600291E-01    0.5824532005E-01
         240.92    0.5495463370E-01    0.3814700972E-02    0.5876933468E-01    0.5824637229E-01
         241.40    0.5586760167E-01    0.2920279225E-02    0.5878788090E-01    0.5824745748E-01
         241.89    0.5049599241E-01    0.8209749320E-02    0.5870574173E-01    0.5824837405E-01
         242.37    0.4009740521E-01    0.1848584189E-01    0.5858324710E-01    0.5824904246E-01
         242.86    0.2669514758E-01    0.3174398978E-01    0.5843913735E-01    0.5824942113E-01
         243.34    0.1278080751E-01    0.4540627997E-01    0.5818708748E-01    0.5824929721E-01
         243.82    0.2296116544E-02    0.5540389020E-01    0.5770000674E-01    0.5824820735E-01
         244.31    0.1791612688E-02    0.5533154977E-01    0.5712316246E-01    0.5824597954E-01
         244.79    0.1728678555E-01    0.4000909700E-01    0.5729588255E-01    0.5824410187E-01
         245.27    0.4268325600E-01    0.1611535798E-01    0.5879861398E-01    0.5824519559E-01
         245.76    0.5512030374E-01    0.4600561560E-02    0.5972086530E-01    0.5824810045E-01
         246.24    0.4179249515E-01    0.1674274150E-01    0.5853523665E-01    0.5824866457E-01
         246.73    0.1905289602E-01    0.3828985961E-01    0.5734275564E-01    0.5824688827E-01
         247.21    0.6117986967E-02    0.5124091321E-01    0.5735890018E-01    0.5824515053E-01
         247.69    0.6247089049E-02    0.5157051381E-01    0.5781760286E-01    0.5824431547E-01
         248.18    0.1466602270E-01    0.4349393182E-01    0.5815995451E-01    0.5824415103E-01
         248.66    0.2680205356E-01    0.3156144484E-01    0.5836349840E-01    0.5824438322E-01
         249.15    0.3950259087E-01    0.1902278077E-01    0.5852537165E-01    0.5824492883E-01
         249.63    0.5011518941E-01    0.8563376527E-02    0.5867856594E-01    0.5824576921E-01
         250.11    0.5620899457E-01    0.2571751792E-02    0.5878074636E-01    0.5824680398E-01
         250.60    0.5621023737E-01    0.2571875904E-02    0.5878211327E-01    0.5824783740E-01
         251.08    0.5008223939E-01    0.8612506409E-02    0.5869474580E-01    0.5824869849E-01
         251.56    0.3917822675E-01    0.1939353523E-01    0.5857176198E-01    0.5824931977E-01
         252.05    0.2553884059E-01    0.3288074401E-01    0.5841958460E-01    0.5824964657E-01
         252.53    0.1175459595E-01    0.4639456336E-01    0.5814915931E-01    0.5824945407E-01
         253.02    0.1972526909E-02    0.5568005113E-01    0.5765257804E-01    0.5824831282E-01
         253.50    0.2764080480E-02    0.5435855218E-01    0.5712263266E-01    0.5824616457E-01
         253.98    0.1936730401E-01    0.3804135228E-01    0.5740865628E-01    0.5824456932E-01
         254.47    0.4418670349E-01    0.1474442912E-01    0.5893113261E-01    0.5824587457E-01
         254.95    0.5431475148E-01    0.5383097777E-02    0.5969784926E-01    0.5824862974E-01
         255.43    0.3911375011E-01    0.1933074626E-01    0.5844449637E-01    0.5824900070E-01
         255.92    0.1604973989E-01    0.4124681156E-01    0.5729655145E-01    0.5824720023E-01
         256.40    0.3813972717E-02    0.5351951338E-01    0.5733348610E-01    0.5824547624E-01
         256.89    0.5214388653E-02    0.5259294127E-01    0.5780732992E-01    0.5824465111E-01
         257.37    0.1512393317E-01    0.4305327549E-01    0.5817720866E-01    0.5824452433E-01
         257.85    0.2849441682E-01    0.2990944931E-01    0.5840386614E-01    0.5824482329E-01
         258.34    0.4178495047E-01    0.1678942613E-01    0.5857437660E-01    0.5824544043E-01
         258.82    0.5219453420E-01    0.6526026365E-02    0.5872056057E-01    0.5824632850E-01
         259.30    0.5739722156E-01    0.1406362048E-02    0.5880358361E-01    0.5824736816E-01
         259.79    0.5611172754E-01    0.2671070203E-02    0.5878279774E-01    0.5824836523E-01
         260.27    0.4864656417E-01    0.1003104820E-01    0.5867761237E-01    0.5824916309E-01
         260.76    0.3665033403E-01    0.2188636885E-01    0.5853670289E-01    0.5824969656E-01
         261.24    0.2245936659E-01    0.3589387755E-01    0.5835324414E-01    0.5824988831E-01
         261.72    0.9113152681E-02    0.4892027633E-01    0.5803342901E-01    0.5824948820E-01
         262.21    0.1358357152E-02    0.5615170906E-01    0.5751006622E-01    0.5824812396E-01
         262.69    0.5840900506E-02    0.5125969662E-01    0.5710059712E-01    0.5824601065E-01
         263.17    0.2570488337E-01    0.3199664789E-01    0.5770153126E-01    0.5824500977E-01
         263.66    0.4912688609E-01    0.1016462805E-01    0.5929151414E-01    0.5824692996E-01
         264.14    0.5293137839E-01    0.6654671079E-02    0.5958604947E-01    0.5824938256E-01
         264.63    0.3304718995E-01    0.2505287003E-01    0.5810005998E-01    0.5824910957E-01
         265.11    0.1057577244E-01    0.4659638358E-01    0.5717215602E-01    0.5824714433E-01
         265.59    0.1568180979E-02    0.5582747190E-01    0.5739565288E-01    0.5824559334E-01
         266.08    0.5931700539E-02    0.5197840296E-01    0.5791010350E-01    0.5824498336E-01
         266.56    0.1758473020E-01    0.4067870610E-01    0.5826343630E-01    0.5824501685E-01
         267.04    0.3151096455E-01    0.2695592254E-01    0.5846688710E-01    0.5824541879E-01
         267.53    0.4443475853E-01    0.1418298270E-01    0.5861774123E-01    0.5824609207E-01
         268.01    0.5384479779E-01    0.4898670862E-02    0.5874346865E-01    0.5824698986E-01
         268.50    0.5774226552E-01    0.1060627622E-02    0.5880289314E-01    0.5824799149E-01
         268.98    0.5521624371E-01    0.3545128526E-02    0.5876137223E-01    0.5824891483E-01
         269.46    0.4690057933E-01    0.1174390935E-01    0.5864448868E-01    0.5824962502E-01
         269.95    0.3463722352E-01    0.2386149491E-01    0.5849871843E-01    0.5825007143E-01
         270.43    0.2084053277E-01    0.3747130545E-01    0.5831183822E-01    0.5825018192E-01
         270.92    0.8567410456E-02    0.4942526366E-01    0.5799267412E-01    0.5824972209E-01
         271.40    0.2468006548E-02    0.5502217906E-01    0.5749018561E-01    0.5824836819E-01
         271.88    0.8748608416E-02    0.4839466648E-01    0.5714327490E-01    0.5824640183E-01
         272.37    0.2952533200E-01    0.2830074728E-01    0.5782607927E-01    0.5824565525E-01
         272.85    0.5182798161E-01    0.7565880580E-02    0.5939386219E-01    0.5824769108E-01
         273.33    0.5290832223E-01    0.6623602217E-02    0.5953192445E-01    0.5824996406E-01
         273.82    0.3092244897E-01    0.2704641445E-01    0.5796886342E-01    0.5824946742E-01
         274.30    0.8223469310E-02    0.4887391492E-01    0.5709738423E-01    0.5824743552E-01
         274.79    0.2170257625E-03    0.5717171359E-01    0.5738873935E-01    0.5824592373E-01
         275.27    0.5803141734E-02    0.5213008241E-01    0.5793322415E-01    0.5824537417E-01
         275.75    0.1836245593E-01    0.3992941433E-01    0.5829187026E-01    0.5824545575E-01
         276.24    0.3271779769E-01    0.2577595145E-01    0.5849374914E-01    0.5824589059E-01
         276.72    0.4557303897E-01    0.1306987757E-01    0.5864291655E-01    0.5824658469E-01
         277.20    0.5443416290E-01    0.4329479848E-02    0.5876364275E-01    0.5824748706E-01
         277.69    0.5738819461E-01    0.1421819379E-02    0.5881001399E-01    0.5824846707E-01
         278.17    0.5373180034E-01    0.5017591040E-02    0.5874939138E-01    0.5824933824E-01
         278.66    0.4439750367E-01    0.1421574619E-01    0.5861324986E-01    0.5824997003E-01
         279.14    0.3153530664E-01    0.2691314943E-01    0.5844845607E-01    0.5825031403E-01
         279.62    0.1785527039E-01    0.4038233115E-01    0.5823760154E-01    0.5825029204E-01
         280.11    0.6729384822E-02    0.5116221485E-01    0.5789159967E-01    0.5824967253E-01
         280.59    0.3046345192E-02    0.5434763077E-01    0.5739397596E-01    0.5824819719E-01
         281.07    0.1261097867E-01    0.4456100818E-01    0.5717198686E-01    0.5824634485E-01
         281.56    0.3538630771E-01    0.2270637561E-01    0.5809268332E-01    0.5824608083E-01
         282.04    0.5521473374E-01    0.4391788106E-02    0.5960652185E-01    0.5824841435E-01
         282.53    0.5055253377E-01    0.8747304784E-02    0.5929983855E-01    0.5825021473E-01
         283.01    0.2571256116E-01    0.3192660453E-01    0.5763916569E-01    0.5824917020E-01
         283.49    0.4942367224E-02    0.5209106277E-01    0.5703343000E-01    0.5824709556E-01
         283.98    0.3523959182E-03    0.5713781282E-01    0.5749020874E-01    0.5824580615E-01
         284.46    0.8283380274E-02    0.4976065667E-01    0.5804403695E-01    0.5824546300E-01
         284.94    0.2168512180E-01    0.3668061720E-01    0.5836573900E-01    0.5824566720E-01
         285.43    0.3576995238E-01    0.2276864295E-01    0.5853859533E-01    0.5824616369E-01
         285.91    0.4763403001E-01    0.1103657392E-01    0.5867060394E-01    0.5824688187E-01
         286.40    0.5505871925E-01    0.3715312222E-02    0.5877403147E-01    0.5824777232E-01
         286.88    0.5642085386E-01    0.2375256058E-02    0.5879610992E-01    0.5824869700E-01
         287.36    0.5139958339E-01    0.7310775434E-02    0.5871035883E-01    0.5824947421E-01
         287.85    0.4131510194E-01    0.1724350914E-01    0.5855861108E-01    0.5824999377E-01
         288.33    0.2856076887E-01    0.2983116695E-01    0.5839193582E-01    0.5825023193E-01
         288.81    0.1586468992E-01    0.4232884822E-01    0.5819353813E-01    0.5825013696E-01
         289.30    0.6364617310E-02    0.5150902085E-01    0.5787363816E-01    0.5824950737E-01
         289.78    0.4478950359E-02    0.5293092434E-01    0.5740987470E-01    0.5824810564E-01
         290.27    0.1539416000E-01    0.4184101247E-01    0.5723517247E-01    0.5824641742E-01
         290.75    0.3827642543E-01    0.1993325847E-01    0.5820968390E-01    0.5824635630E-01
         291.23    0.5633217957E-01    0.3315069347E-02    0.5964724892E-01    0.5824868337E-01
         291.72    0.4928684971E-01    0.9873041385E-02    0.5915989110E-01    0.5825019449E-01
         292.20    0.2396684258E-01    0.3354953672E-01    0.5751637930E-01    0.5824897956E-01
         292.69    0.4623857695E-02    0.5242234342E-01    0.5704620112E-01    0.5824699150E-01
         293.17    0.1575443000E-02    0.5598297066E-01    0.5755841366E-01    0.5824585523E-01
         293.65    0.1022761968E-01    0.4786963551E-01    0.5809725519E-01    0.5824561042E-01
         294.14    0.2360757197E-01    0.3478485214E-01    0.5839242412E-01    0.5824585189E-01
         294.62    0.3725122371E-01    0.2129882913E-01    0.5855005284E-01    0.5824635140E-01
         295.10    0.4846278167E-01    0.1021436117E-01    0.5867714284E-01    0.5824705762E-01
         295.59    0.5510560326E-01    0.3670856486E-02    0.5877645975E-01    0.5824792407E-01
         296.07    0.5563398194E-01    0.3153843922E-02    0.5878782586E-01    0.5824880626E-01
         296.56    0.4989456025E-01    0.8793211808E-02    0.5868777206E-01    0.5824952236E-01
         297.04    0.3942138315E-01    0.1910680897E-01    0.5852819212E-01    0.5824997621E-01
         297.52    0.2672751078E-01    0.3163857672E-01    0.5836608750E-01    0.5825016501E-01
         298.01    0.1447551895E-01    0.4370380996E-01    0.5817932892E-01    0.5825005002E-01
         298.49    0.5618604306E-02    0.5224052853E-01    0.5785913284E-01    0.5824941644E-01
         298.97    0.4512198399E-02    0.5286309664E-01    0.5737529504E-01    0.5824800201E-01
         299.46    0.1641739942E-01    0.4081718204E-01    0.5723458145E-01    0.5824636482E-01
         299.94    0.3973808525E-01    0.1860586998E-01    0.5834395524E-01    0.5824652222E-01
         300.43    0.5596890157E-01    0.3749704746E-02    0.5971860632E-01    0.5824889273E-01
         300.91    0.4600968444E-01    0.1294271020E-01    0.5895239464E-01    0.5825002376E-01
         301.39    0.2048775376E-01    0.3684645974E-01    0.5733421350E-01    0.5824855376E-01
         301.88    0.3710790306E-02    0.5335747638E-01    0.5706826669E-01    0.5824666227E-01
         302.36    0.3320093273E-02    0.5434039351E-01    0.5766048678E-01    0.5824572439E-01
         302.84    0.1336141350E-01    0.4481794199E-01    0.5817935549E-01    0.5824561837E-01
         303.33    0.2694298711E-01    0.3149848922E-01    0.5844147633E-01    0.5824593074E-01
         303.81    0.3999920886E-01    0.1858162008E-01    0.5858082893E-01    0.5824646402E-01
         304.30    0.5010212869E-01    0.8594636244E-02    0.5869676493E-01    0.5824717992E-01
         304.78    0.5531661696E-01    0.3460552495E-02    0.5877716946E-01    0.5824802117E-01
         305.26    0.5441037096E-01    0.4349307056E-02    0.5875967802E-01    0.5824883204E-01
         305.75    0.4766817550E-01    0.1096811319E-01    0.5863628869E-01    0.5824944511E-01
         306.23    0.3696934847E-01    0.2150643365E-01    0.5847578212E-01    0.5824980267E-01
         306.71    0.2483829436E-01    0.3349890031E-01    0.5833719467E-01    0.5824994051E-01
         307.20    0.1357932966E-01    0.4459970894E-01    0.5817903860E-01    0.5824982885E-01
         307.68    0.5697992223E-02    0.5215795501E-01    0.5785594723E-01    0.5824920954E-01
         308.17    0.5493431439E-02    0.5185494055E-01    0.5734837199E-01    0.5824779536E-01
         308.65    0.1831541725E-01    0.3897939356E-01    0.5729481081E-01    0.5824630165E-01
         309.13    0.4124093533E-01    0.1731558147E-01    0.5855651680E-01    0.5824678712E-01
         309.62    0.5422770814E-01    0.5489526025E-02    0.5971723416E-01    0.5824908469E-01
         310.10    0.4139160912E-01    0.1727756253E-01    0.5866917165E-01    0.5824974005E-01
         310.58    0.1720884339E-01    0.4002627935E-01    0.5723512274E-01    0.5824815965E-01
         311.07    0.3880701318E-02    0.5331317051E-01    0.5719387183E-01    0.5824652001E-01
         311.55    0.5779640013E-02    0.5202057642E-01    0.5780021643E-01    0.5824582700E-01
         312.04    0.1635413055E-01    0.4189893675E-01    0.5825306729E-01    0.5824583822E-01
         312.52    0.2945641494E-01    0.2900911507E-01    0.5846553002E-01    0.5824617830E-01
         313.00    0.4169461444E-01    0.1688934626E-01    0.5858396070E-01    0.5824670038E-01
         313.49    0.5096169976E-01    0.7731286389E-02    0.5869298615E-01    0.5824738909E-01
         313.97    0.5545422695E-01    0.3311271389E-02    0.5876549834E-01    0.5824818741E-01
         314.45    0.5407121244E-01    0.4666594189E-02    0.5873780663E-01    0.5824894067E-01
         314.94    0.4723788724E-01    0.1137816101E-01    0.5861604825E-01    0.5824950458E-01
         315.42    0.3679670491E-01    0.2168301736E-01    0.5847972227E-01    0.5824985768E-01
         315.91    0.2492812442E-01    0.3344535118E-01    0.5837347561E-01    0.5825004698E-01
         316.39    0.1350318121E-01    0.4471065983E-01    0.5821384104E-01    0.5824999162E-01
         316.87    0.5079049144E-02    0.5274297057E-01    0.5782201971E-01    0.5824933823E-01
         317.36    0.4853063734E-02    0.5238962766E-01    0.5724269140E-01    0.5824780371E-01
         317.84    0.1887869157E-01    0.3841630798E-01    0.5729499955E-01    0.5824635347E-01
         318.33    0.4252091857E-01    0.1624396471E-01    0.5876488328E-01    0.5824714151E-01
         318.81    0.5323565046E-01    0.6522102062E-02    0.5975775252E-01    0.5824943379E-01
         319.29    0.3756206084E-01    0.2087124773E-01    0.5843330857E-01    0.5824971239E-01
         319.78    0.1377189781E-01    0.4334725258E-01    0.5711915039E-01    0.5824800201E-01
         320.26    0.2878777730E-02    0.5437865536E-01    0.5725743309E-01    0.5824650568E-01
         320.74    0.6725064581E-02    0.5116348218E-01    0.5788854676E-01    0.5824596577E-01
         321.23    0.1811823674E-01    0.4018405460E-01    0.5830229135E-01    0.5824605060E-01
         321.71    0.3129538629E-01    0.2719153444E-01    0.5848692074E-01    0.5824641281E-01
         322.20    0.4321589243E-01    0.1538243564E-01    0.5859832807E-01    0.5824694121E-01
         322.68    0.5189208973E-01    0.6811311179E-02    0.5870340091E-01    0.5824762556E-01
         323.16    0.5561603429E-01    0.3143672991E-02    0.5875970728E-01    0.5824839215E-01
         323.65    0.5353822625E-01    0.5174196715E-02    0.5871242296E-01    0.5824908577E-01
         324.13    0.4635924032E-01    0.1223303225E-01    0.5859227257E-01    0.5824959799E-01
         324.61    0.3590051991E-01    0.2258167988E-01    0.5848219978E-01    0.5824994464E-01
         325.10    0.2399540081E-01    0.3439482121E-01    0.5839022203E-01    0.5825015338E-01
         325.58    0.1234574030E-01    0.4583460409E-01    0.5818034439E-01    0.5825004965E-01
         326.07    0.4185694405E-02    0.5349351978E-01    0.5767921419E-01    0.5824920272E-01
         326.55    0.5980264350E-02    0.5112308695E-01    0.5710335130E-01    0.5824750516E-01
         327.03    0.2317938640E-01    0.3430593066E-01    0.5748531706E-01    0.5824637766E-01
         327.52    0.4653907394E-01    0.1262742406E-01    0.5916649799E-01    0.5824773678E-01
         328.00    0.5145212922E-01    0.8181603273E-02    0.5963373250E-01    0.5824978102E-01
         328.48    0.3162479046E-01    0.2639469124E-01    0.5801948170E-01    0.5824944184E-01
         328.97    0.9702140517E-02    0.4735531959E-01    0.5705746011E-01    0.5824768893E-01
         329.45    0.2515148690E-02    0.5490755011E-01    0.5742269880E-01    0.5824647749E-01
         329.94    0.8385366602E-02    0.4963540620E-01    0.5802077280E-01    0.5824614655E-01
         330.42    0.2010794560E-01    0.3824288523E-01    0.5835083083E-01    0.5824629982E-01
         330.90    0.3292056380E-01    0.2557043959E-01    0.5849100339E-01    0.5824665757E-01
         331.39    0.4438638810E-01    0.1420844428E-01    0.5859483238E-01    0.5824716585E-01
         331.87    0.5264509966E-01    0.6059181511E-02    0.5870428117E-01    0.5824783220E-01
         332.35    0.5594643216E-01    0.2812867887E-02    0.5875930004E-01    0.5824857670E-01
         332.84    0.5345540472E-01    0.5254938967E-02    0.5871034368E-01    0.5824924787E-01
         333.32    0.4588651127E-01    0.1271457577E-01    0.5860108704E-01    0.5824975852E-01
         333.81    0.3493464126E-01    0.2356777975E-01    0.5850242100E-01    0.5825012470E-01
         334.29    0.2234300429E-01    0.3604405006E-01    0.5838705435E-01    0.5825032286E-01
         334.77    0.1020928949E-01    0.4788936320E-01    0.5809865269E-01    0.5825010369E-01
         335.26    0.2836801361E-02    0.5467029410E-01    0.5750709546E-01    0.5824903152E-01
         335.74    0.7647855856E-02    0.4934514534E-01    0.5699300119E-01    0.5824722168E-01
         336.22    0.2862619115E-01    0.2909214464E-01    0.5771833579E-01    0.5824646069E-01
         336.71    0.5168856423E-01    0.7835402175E-02    0.5952396640E-01    0.5824829619E-01
         337.19    0.5108049507E-01    0.8406509346E-02    0.5948700441E-01    0.5825007339E-01
         337.68    0.2730097551E-01    0.3037879135E-01    0.5767976685E-01    0.5824925633E-01
         338.16    0.6228546202E-02    0.5077001337E-01    0.5699855957E-01    0.5824746707E-01
         338.64    0.1399275870E-02    0.5611658879E-01    0.5751586466E-01    0.5824642192E-01
         339.13    0.8747380216E-02    0.4934016060E-01    0.5808754081E-01    0.5824619527E-01
         339.61    0.2109921442E-01    0.3726903417E-01    0.5836824858E-01    0.5824636914E-01
         340.10    0.3424058512E-01    0.2425501690E-01    0.5849560202E-01    0.5824672366E-01
         340.58    0.4587594923E-01    0.1273861445E-01    0.5861456368E-01    0.5824724616E-01
         341.06    0.5393886779E-01    0.4798296770E-02    0.5873716456E-01    0.5824794108E-01
         341.55    0.5651268733E-01    0.2271753076E-02    0.5878444041E-01    0.5824870100E-01
         342.03    0.5288323783E-01    0.5834269862E-02    0.5871750769E-01    0.5824936409E-01
         342.51    0.4404749058E-01    0.1454919869E-01    0.5859668927E-01    0.5824985466E-01
         343.00    0.3193686668E-01    0.2654684222E-01    0.5848370889E-01    0.5825018450E-01
         343.48    0.1858462670E-01    0.3973918293E-01    0.5832380962E-01    0.5825028820E-01
         343.97    0.6746849789E-02    0.5119904990E-01    0.5794589968E-01    0.5824986008E-01
         344.45    0.1827152902E-02    0.5545888746E-01    0.5728604036E-01    0.5824850640E-01
         344.93    0.1162915158E-01    0.4533504637E-01    0.5696419794E-01    0.5824670513E-01
         345.42    0.3669593696E-01    0.2147893178E-01    0.5817486874E-01    0.5824660452E-01
         345.90    0.5660701180E-01    0.3256677405E-02    0.5986368920E-01    0.5824886618E-01
         346.38    0.4790703145E-01    0.1117253623E-01    0.5907956768E-01    0.5825002637E-01
         346.87    0.2119887483E-01    0.3609303308E-01    0.5729190791E-01    0.5824869009E-01
         347.35    0.3198675348E-02    0.5383909474E-01    0.5703777008E-01    0.5824700357E-01
         347.84    0.1912355580E-02    0.5576316675E-01    0.5767552233E-01    0.5824620874E-01
         348.32    0.1101659649E-01    0.4716112782E-01    0.5817772430E-01    0.5824611362E-01
         348.80    0.2389842509E-01    0.3449895801E-01    0.5839738310E-01    0.5824632343E-01
         349.29    0.3706221620E-01    0.2145330318E-01    0.5851551938E-01    0.5824669628E-01
         349.77    0.4831929112E-01    0.1033163400E-01    0.5865092513E-01    0.5824725538E-01
         350.25    0.5539518369E-01    0.3381230302E-02    0.5877641399E-01    0.5824798626E-01
         350.74    0.5636511746E-01    0.2432623578E-02    0.5879774104E-01    0.5824874454E-01
         351.22    0.5090867596E-01    0.7788724966E-02    0.5869740093E-01    0.5824936252E-01
         351.71    0.4054593904E-01    0.1801216868E-01    0.5855810772E-01    0.5824978721E-01
         352.19    0.2755474378E-01    0.3087816153E-01    0.5843290530E-01    0.5825003874E-01
         352.67    0.1421233727E-01    0.4402613941E-01    0.5823847668E-01    0.5825002288E-01
         353.16    0.3741229624E-02    0.5405173114E-01    0.5779296077E-01    0.5824939677E-01
         353.64    0.2245718141E-02    0.5487913672E-01    0.5712485486E-01    0.5824785841E-01
         354.12    0.1701026752E-01    0.4007255403E-01    0.5708282155E-01    0.5824626683E-01
         354.61    0.4420497415E-01    0.1446804501E-01    0.5867301917E-01    0.5824684903E-01
         355.09    0.5891673982E-01    0.1059212075E-02    0.5997595190E-01    0.5824920475E-01
         355.58    0.4334060304E-01    0.1527324932E-01    0.5861385236E-01    0.5824970087E-01
         356.06    0.1612097502E-01    0.4094109421E-01    0.5706206923E-01    0.5824808724E-01
         356.54    0.1750390516E-02    0.5539062868E-01    0.5714101919E-01    0.5824658512E-01
         357.03    0.3512855335E-02    0.5429549252E-01    0.5780834786E-01    0.5824599130E-01
         357.51    0.1406542399E-01    0.4417734451E-01    0.5824276849E-01    0.5824598694E-01
         357.99    0.2743040405E-01    0.3100094499E-01    0.5843134904E-01    0.5824623743E-01
         358.48    0.4046152069E-01    0.1809584186E-01    0.5855736255E-01    0.5824665730E-01
         358.96    0.5087093213E-01    0.7829311034E-02    0.5870024316E-01    0.5824726860E-01
         359.45    0.5633221117E-01    0.2469949605E-02    0.5880216078E-01    0.5824801543E-01
         359.93    0.5530285375E-01    0.3476298104E-02    0.5877915185E-01    0.5824872932E-01
         360.41    0.4812614596E-01    0.1052516729E-01    0.5865131325E-01    0.5824926970E-01
         360.90    0.3676410073E-01    0.2175018844E-01    0.5851428917E-01    0.5824962496E-01
         361.38    0.2352359219E-01    0.3486908457E-01    0.5839267677E-01    0.5824981646E-01
         361.87    0.1065087296E-01    0.4751201997E-01    0.5816289293E-01    0.5824970025E-01
         362.35    0.1777953506E-02    0.5586572451E-01    0.5764367802E-01    0.5824889114E-01
         362.83    0.3701138438E-02    0.5330438620E-01    0.5700552464E-01    0.5824723332E-01
         363.32    0.2261058634E-01    0.3470891959E-01    0.5731950593E-01    0.5824599800E-01
         363.80    0.4957966740E-01    0.9583065383E-02    0.5916273278E-01    0.5824721706E-01
         364.28    0.5722941738E-01    0.2629673090E-02    0.5985909047E-01    0.5824935766E-01
         364.77    0.3615424150E-01    0.2194307834E-01    0.5809731985E-01    0.5824915602E-01
         365.25    0.1091162800E-01    0.4602451172E-01    0.5693613972E-01    0.5824741692E-01
         365.74    0.1435724525E-02    0.5586428126E-01    0.5730000578E-01    0.5824616374E-01
         366.22    0.6593601010E-02    0.5136476926E-01    0.5795837027E-01    0.5824578356E-01
         366.70    0.1853822191E-01    0.3978690920E-01    0.5832513111E-01    0.5824588824E-01
         367.19    0.3198753338E-01    0.2649480044E-01    0.5848233382E-01    0.5824619976E-01
         367.67    0.4420645385E-01    0.1439437399E-01    0.5860082784E-01    0.5824666638E-01
         368.15    0.5307491085E-01    0.5652622191E-02    0.5872753304E-01    0.5824729827E-01
         368.64    0.5657522973E-01    0.2218161718E-02    0.5879339145E-01    0.5824801492E-01
         369.12    0.5372557830E-01    0.5012916355E-02    0.5873849466E-01    0.5824865775E-01
         369.61    0.4535216365E-01    0.1325639943E-01    0.5860856308E-01    0.5824912883E-01
         370.09    0.3348880237E-01    0.2499764476E-01    0.5848644713E-01    0.5824943905E-01
         370.57    0.2026563102E-01    0.3809122267E-01    0.5835685369E-01    0.5824957928E-01
         371.06    0.8021868671E-02    0.5004689084E-01    0.5806875951E-01    0.5824934353E-01
         371.54    0.1062741167E-02    0.5642331365E-01    0.5748605482E-01    0.5824834967E-01
         372.02    0.6647889106E-02    0.5033239029E-01    0.5698027940E-01    0.5824670068E-01
         372.51    0.2855765688E-01    0.2916383317E-01    0.5772149005E-01    0.5824601859E-01
         372.99    0.5239966815E-01    0.7149352548E-02    0.5954902070E-01    0.5824770860E-01
         373.48    0.5210311839E-01    0.7395475168E-02    0.5949859356E-01    0.5824932892E-01
         373.96    0.2834608440E-01    0.2931646078E-01    0.5766254517E-01    0.5824856982E-01
         374.44    0.7430523740E-02    0.4955188091E-01    0.5698240465E-01    0.5824693395E-01
         374.93    0.2932907175E-02    0.5458613740E-01    0.5751904458E-01    0.5824599474E-01
         375.41    0.1052172944E-01    0.4758545432E-01    0.5810718376E-01    0.5824581586E-01
         375.89    0.2277173791E-01    0.3561950298E-01    0.5839124090E-01    0.5824600302E-01
         376.38    0.3541486109E-01    0.2309314054E-01    0.5850800163E-01    0.5824633978E-01
         376.86    0.4632144285E-01    0.1228841282E-01    0.5860985567E-01    0.5824680642E-01
         377.35    0.5369881852E-01    0.5020047690E-02    0.5871886621E-01    0.5824741163E-01
         377.83    0.5585687902E-01    0.2905401999E-02    0.5876228102E-01    0.5824807087E-01
         378.31    0.5216338785E-01    0.6536594865E-02    0.5869998271E-01    0.5824864877E-01
         378.80    0.4356364433E-01    0.1502278275E-01    0.5858642708E-01    0.5824908016E-01
         379.28    0.3187896488E-01    0.2660268474E-01    0.5848164961E-01    0.5824937680E-01
         379.76    0.1899711441E-01    0.3934113154E-01    0.5833824595E-01    0.5824949001E-01
         380.25    0.7405160596E-02    0.5059167370E-01    0.5799683429E-01    0.5824916856E-01
         380.73    0.1999951006E-02    0.5538593803E-01    0.5738588904E-01    0.5824807164E-01
         381.22    0.1007251163E-01    0.4697117720E-01    0.5704368883E-01    0.5824654323E-01
         381.70    0.3283995262E-01    0.2523980259E-01    0.5807975521E-01    0.5824633184E-01
         382.18    0.5246032878E-01    0.7229876177E-02    0.5969020495E-01    0.5824815953E-01
         382.67    0.4642393365E-01    0.1269113398E-01    0.5911506763E-01    0.5824925550E-01
         383.15    0.2249345293E-01    0.3492826127E-01    0.5742171420E-01    0.5824821062E-01
         383.64    0.5634501682E-02    0.5146075689E-01    0.5709525857E-01    0.5824675671E-01
         384.12    0.4427934530E-02    0.5326660243E-01    0.5769453696E-01    0.5824606122E-01
         384.60    0.1304145048E-01    0.4515401674E-01    0.5819546722E-01    0.5824599758E-01
         385.09    0.2495407942E-01    0.3344998453E-01    0.5840406394E-01    0.5824619615E-01
         385.57    0.3692089963E-01    0.2157560818E-01    0.5849650781E-01    0.5824651022E-01
         386.05    0.4722233430E-01    0.1138312184E-01    0.5860545614E-01    0.5824696003E-01
         386.54    0.5404209410E-01    0.4678290235E-02    0.5872038433E-01    0.5824755255E-01
         387.02    0.5564033972E-01    0.3118865385E-02    0.5875920510E-01    0.5824819211E-01
         387.51    0.5144490630E-01    0.7250964100E-02    0.5869587040E-01    0.5824875101E-01
         387.99    0.4241543326E-01    0.1617302086E-01    0.5858845413E-01    0.5824917458E-01
         388.47    0.3030656632E-01    0.2817015524E-01    0.5847672156E-01    0.5824945795E-01
         388.96    0.1712022752E-01    0.4116741930E-01    0.5828764683E-01    0.5824950545E-01
         389.44    0.5952929324E-02    0.5191072300E-01    0.5786365233E-01    0.5824902613E-01
         389.92    0.2665447263E-02    0.5456940279E-01    0.5723485005E-01    0.5824776785E-01
         390.41    0.1431530539E-01    0.4283418188E-01    0.5714948727E-01    0.5824640691E-01
         390.89    0.3827988807E-01    0.2024264900E-01    0.5852253707E-01    0.5824674865E-01
         391.38    0.5290877889E-01    0.6859305306E-02    0.5976808419E-01    0.5824862917E-01
         391.86    0.4108809623E-01    0.1758999747E-01    0.5867809370E-01    0.5824915937E-01
         392.34    0.1763125726E-01    0.3962275509E-01    0.5725401235E-01    0.5824793231E-01
         392.83    0.4593158570E-02    0.5266991729E-01    0.5726307586E-01    0.5824671943E-01
         393.31    0.5705514598E-02    0.5214861515E-01    0.5785412975E-01    0.5824623654E-01
         393.79    0.1462938415E-01    0.4360928181E-01    0.5823866596E-01    0.5824622724E-01
         394.28    0.2620533037E-01    0.3218555064E-01    0.5839088102E-01    0.5824640473E-01
         394.76    0.3796000608E-01    0.2053200332E-01    0.5849200941E-01    0.5824670571E-01
         395.25    0.4809650385E-01    0.1052721299E-01    0.5862371684E-01    0.5824716717E-01
         395.73    0.5451227344E-01    0.4226976893E-02    0.5873925033E-01    0.5824776874E-01
         396.21    0.5546519247E-01    0.3295205258E-02    0.5876039772E-01    0.5824839466E-01
         396.70    0.5063083376E-01    0.8054073686E-02    0.5868490745E-01    0.5824892699E-01
         397.18    0.4116038809E-01    0.1741664987E-01    0.5857703796E-01    0.5824932664E-01
         397.66    0.2884909114E-01    0.2961011559E-01    0.5845920673E-01    0.5824958197E-01
         398.15    0.1579732392E-01    0.4244359977E-01    0.5824092369E-01    0.5824957145E-01
         398.63    0.5463147900E-02    0.5231390212E-01    0.5777705002E-01    0.5824899800E-01
         399.12    0.4091235178E-02    0.5308732898E-01    0.5717856416E-01    0.5824770051E-01
         399.60    0.1801382113E-01    0.3926781368E-01    0.5728163481E-01    0.5824653094E-01
         400.08    0.4198158256E-01    0.1677799796E-01    0.5875958053E-01    0.5824715131E-01
         400.57    0.5337675660E-01    0.6325717302E-02    0.5970247391E-01    0.5824890895E-01
         401.05    0.3921463854E-01    0.1924255235E-01    0.5845719090E-01    0.5824916019E-01
         401.53    0.1660533517E-01    0.4065160983E-01    0.5725694500E-01    0.5824796475E-01
         402.02    0.4887108038E-02    0.5248554815E-01    0.5737265619E-01    0.5824691143E-01
         402.50    0.6048872312E-02    0.5184168799E-01    0.5789056030E-01    0.5824648312E-01
         402.99    0.1447272531E-01    0.4373183338E-01    0.5820455869E-01    0.5824643279E-01
         403.47    0.2592081117E-01    0.3243336096E-01    0.5835417213E-01    0.5824656198E-01
         403.95    0.3798561453E-01    0.2050270847E-01    0.5848832301E-01    0.5824685151E-01
         404.44    0.4842784160E-01    0.1021738001E-01    0.5864522161E-01    0.5824732803E-01
         404.92    0.5478650472E-01    0.3975843167E-02    0.5876234789E-01    0.5824794335E-01
         405.41    0.5528136342E-01    0.3491376994E-02    0.5877274041E-01    0.5824856960E-01
         405.89    0.4973538801E-01    0.8953633255E-02    0.5868902126E-01    0.5824909457E-01
         406.37    0.3943748348E-01    0.1913589065E-01    0.5857337413E-01    0.5824948062E-01
         406.86    0.2632964361E-01    0.3210178470E-01    0.5843142832E-01    0.5824969696E-01
         407.34    0.1287870703E-01    0.4527820275E-01    0.5815690978E-01    0.5824958677E-01
         407.82    0.3298125124E-02    0.5432413441E-01    0.5762225953E-01    0.5824884261E-01
         408.31    0.4603307987E-02    0.5245124353E-01    0.5705455152E-01    0.5824742757E-01
         408.79    0.2224394175E-01    0.3518208183E-01    0.5742602358E-01    0.5824645549E-01
         409.28    0.4714818862E-01    0.1193246943E-01    0.5908065805E-01    0.5824744155E-01
         409.76    0.5479666273E-01    0.4869462269E-02    0.5966612500E-01    0.5824911650E-01
         410.24    0.3706552641E-01    0.2114121276E-01    0.5820673916E-01    0.5824906653E-01
         410.73    0.1436148647E-01    0.4284338432E-01    0.5720487078E-01    0.5824783661E-01
         411.21    0.3865364377E-02    0.5355447298E-01    0.5741983736E-01    0.5824686250E-01
         411.69    0.5995184141E-02    0.5190896640E-01    0.5790415054E-01    0.5824645978E-01
         412.18    0.1531638314E-01    0.4288910430E-01    0.5820548743E-01    0.5824641169E-01
         412.66    0.2766384268E-01    0.3071617026E-01    0.5838001294E-01    0.5824656831E-01
         413.15    0.4023851744E-01    0.1829934755E-01    0.5853786498E-01    0.5824690941E-01
         413.63    0.5044452204E-01    0.8250048851E-02    0.5869457089E-01    0.5824743299E-01
         414.11    0.5582275614E-01    0.2965672009E-02    0.5878842815E-01    0.5824806500E-01
         414.60    0.5493636200E-01    0.3833633774E-02    0.5876999578E-01    0.5824867402E-01
         415.08    0.4804579114E-01    0.1062216850E-01    0.5866795965E-01    0.5824916269E-01
         415.56    0.3674565250E-01    0.2179651668E-01    0.5854216918E-01    0.5824950380E-01
         416.05    0.2316480066E-01    0.3521849929E-01    0.5838329995E-01    0.5824965937E-01
         416.53    0.1001616427E-01    0.4806183238E-01    0.5807799665E-01    0.5824946000E-01
         417.02    0.1875961492E-02    0.5565089519E-01    0.5752685668E-01    0.5824862171E-01
         417.50    0.5792345395E-02    0.5124670930E-01    0.5703905470E-01    0.5824722013E-01
         417.98    0.2586907621E-01    0.3172798669E-01    0.5759706290E-01    0.5824646763E-01
         418.47    0.5059019675E-01    0.8665165041E-02    0.5925536179E-01    0.5824763398E-01
         418.95    0.5569109298E-01    0.3900923763E-02    0.5959201674E-01    0.5824918639E-01
         419.43    0.3641369279E-01    0.2168769300E-01    0.5810138579E-01    0.5824901591E-01
         419.92    0.1391723214E-01    0.4329693386E-01    0.5721416600E-01    0.5824782369E-01
         420.40    0.3926124992E-02    0.5351480536E-01    0.5744093035E-01    0.5824689516E-01
         420.89    0.6446580452E-02    0.5145439460E-01    0.5790097505E-01    0.5824649755E-01
         421.37    0.1622692291E-01    0.4197941294E-01    0.5820633584E-01    0.5824645144E-01
         421.85    0.2900155020E-01    0.2939676111E-01    0.5839831131E-01    0.5824662559E-01
         422.34    0.4170972354E-01    0.1685566505E-01    0.5856538859E-01    0.5824699073E-01
         422.82    0.5162049717E-01    0.7096790087E-02    0.5871728726E-01    0.5824752882E-01
         423.30    0.5634623031E-01    0.2452243850E-02    0.5879847416E-01    0.5824815847E-01
         423.79    0.5463737996E-01    0.4132262322E-02    0.5876964228E-01    0.5824875378E-01
         424.27    0.4691695646E-01    0.1174547983E-01    0.5866243629E-01    0.5824922548E-01
         424.76    0.3487441229E-01    0.2365474288E-01    0.5852915517E-01    0.5824954430E-01
         425.24    0.2076222712E-01    0.3758779333E-01    0.5835002045E-01    0.5824965861E-01
         425.72    0.7577982613E-02    0.5043127645E-01    0.5800925906E-01    0.5824938543E-01
         426.21    0.3415492730E-03    0.5709252234E-01    0.5743407161E-01    0.5824845999E-01
         426.69    0.6265618578E-02    0.5074495431E-01    0.5701057288E-01    0.5824705649E-01
         427.17    0.2832411618E-01    0.2941630286E-01    0.5774041904E-01    0.5824648272E-01
         427.66    0.5268855503E-01    0.6734514960E-02    0.5942306999E-01    0.5824781370E-01
         428.14    0.5501612229E-01    0.4518651252E-02    0.5953477355E-01    0.5824926789E-01
         428.63    0.3365418050E-01    0.2430256146E-01    0.5795674196E-01    0.5824893773E-01
         429.11    0.1127281375E-01    0.4587157879E-01    0.5714439254E-01    0.5824769247E-01
         429.59    0.2740955004E-02    0.5468899094E-01    0.5742994595E-01    0.5824677158E-01
         430.08    0.7108688143E-02    0.5081565559E-01    0.5792434374E-01    0.5824640890E-01
         430.56    0.1848881431E-01    0.3976500267E-01    0.5825381698E-01    0.5824641722E-01
         431.05    0.3217073033E-01    0.2628600787E-01    0.5845673820E-01    0.5824665327E-01
         431.53    0.4488287606E-01    0.1373783269E-01    0.5862070875E-01    0.5824707262E-01
         432.01    0.5393292558E-01    0.4822606341E-02    0.5875553193E-01    0.5824764200E-01
         432.50    0.5719966814E-01    0.1610548074E-02    0.5881021621E-01    0.5824827128E-01
         432.98    0.5384209003E-01    0.4914471066E-02    0.5875656110E-01    0.5824883920E-01
         433.46    0.4467475724E-01    0.1395764199E-01    0.5863239923E-01    0.5824926728E-01
         433.95    0.3167290263E-01    0.2680990173E-01    0.5848280436E-01    0.5824952763E-01
         434.43    0.1735047544E-01    0.4092612881E-01    0.5827660425E-01    0.5824955778E-01
         434.92    0.5064825984E-02    0.5283940003E-01    0.5790422602E-01    0.5824917366E-01
         435.40    0.1480249034E-03    0.5720038509E-01    0.5734841000E-01    0.5824817281E-01
         435.88    0.9263324274E-02    0.4782947843E-01    0.5709280270E-01    0.5824689049E-01
         436.37    0.3286836060E-01    0.2518427384E-01    0.5805263444E-01    0.5824667513E-01
         436.85    0.5438645099E-01    0.5213844043E-02    0.5960029504E-01    0.5824817415E-01
         437.33    0.5179735886E-01    0.7529225588E-02    0.5932658445E-01    0.5824936708E-01
         437.82    0.2879058199E-01    0.2895800687E-01    0.5774858887E-01    0.5824881374E-01
         438.30    0.8446077915E-02    0.4869674601E-01    0.5714282393E-01    0.5824759300E-01
         438.79    0.2762734274E-02    0.5475530530E-01    0.5751803958E-01    0.5824678864E-01
         439.27    0.9139527342E-02    0.4887059914E-01    0.5801012648E-01    0.5824652800E-01
         439.75    0.2144000028E-01    0.3687769860E-01    0.5831769888E-01    0.5824660629E-01
         440.24    0.3515184862E-01    0.2334979244E-01    0.5850164105E-01    0.5824688655E-01
         440.72    0.4725737485E-01    0.1139157947E-01    0.5864895432E-01    0.5824732790E-01
         441.20    0.5532595817E-01    0.3439753015E-02    0.5876571118E-01    0.5824789630E-01
         441.69    0.5752349011E-01    0.1279736914E-02    0.5880322702E-01    0.5824850455E-01
         442.17    0.5327650629E-01    0.5462644055E-02    0.5873915035E-01    0.5824904136E-01
         442.66    0.4356717238E-01    0.1504441624E-01    0.5861158862E-01    0.5824943759E-01
         443.14    0.3043129396E-01    0.2802835543E-01    0.5845964940E-01    0.5824966708E-01
         443.62    0.1640818129E-01    0.4184069956E-01    0.5824888084E-01    0.5824966622E-01
         444.11    0.4878990742E-02    0.5299819960E-01    0.5787719034E-01    0.5824926047E-01
         444.59    0.1082580261E-02    0.5626576170E-01    0.5734834196E-01    0.5824828015E-01
         445.07    0.1118512133E-01    0.4597942066E-01    0.5716454199E-01    0.5824710217E-01
         445.56    0.3458365182E-01    0.2360270900E-01    0.5818636082E-01    0.5824703622E-01
         446.04    0.5399449068E-01    0.5654889953E-02    0.5964938063E-01    0.5824855720E-01
         446.53    0.4874438140E-01    0.1047041038E-01    0.5921479177E-01    0.5824960404E-01
         447.01    0.2480896896E-01    0.3281438249E-01    0.5762335145E-01    0.5824892628E-01
         447.49    0.5595252182E-02    0.5150878577E-01    0.5710403795E-01    0.5824768856E-01
         447.98    0.1887525471E-02    0.5565452666E-01    0.5754205213E-01    0.5824692654E-01
         448.46    0.1004431789E-01    0.4801120624E-01    0.5805552413E-01    0.5824672006E-01
         448.94    0.2347825742E-01    0.3488621135E-01    0.5836446877E-01    0.5824684695E-01
         449.43    0.3757059239E-01    0.2097421631E-01    0.5854480870E-01    0.5824716768E-01
         449.91    0.4932784503E-01    0.9357560691E-02    0.5868540572E-01    0.5824763890E-01
         450.40    0.5642904781E-01    0.2358389079E-02    0.5878743689E-01    0.5824821871E-01
         450.88    0.5727987961E-01    0.1522156244E-02    0.5880203585E-01    0.5824881293E-01
         451.36    0.5166539664E-01    0.7048907909E-02    0.5871430455E-01    0.5824931185E-01
         451.85    0.4094109303E-01    0.1762598004E-01    0.5856707307E-01    0.5824965207E-01
         452.33    0.2745881588E-01    0.3093627671E-01    0.5839509258E-01    0.5824980762E-01
         452.82    0.1404811834E-01    0.4411193683E-01    0.5816005517E-01    0.5824971173E-01
         453.30    0.4359313027E-02    0.5341629602E-01    0.5777560905E-01    0.5824920575E-01
         453.78    0.3595677428E-02    0.5370985359E-01    0.5730553101E-01    0.5824819970E-01
         454.27    0.1672862247E-01    0.4060335252E-01    0.5733197499E-01    0.5824722395E-01
         454.75    0.4004154113E-01    0.1850508795E-01    0.5854662908E-01    0.5824754247E-01
         455.23    0.5412915432E-01    0.5582704078E-02    0.5971185840E-01    0.5824909860E-01
         455.72    0.4282710575E-01    0.1600913939E-01    0.5883624514E-01    0.5824972190E-01
         456.20    0.1827581348E-01    0.3909518221E-01    0.5737099570E-01    0.5824879005E-01
         456.69    0.2740216283E-02    0.5441723866E-01    0.5715745494E-01    0.5824763398E-01
         457.17    0.2742918069E-02    0.5494851262E-01    0.5769143069E-01    0.5824704540E-01
         457.65    0.1283916539E-01    0.4533014960E-01    0.5816931499E-01    0.5824696324E-01
         458.14    0.2664951943E-01    0.3177940038E-01    0.5842891982E-01    0.5824715538E-01
         458.62    0.4016744689E-01    0.1841150527E-01    0.5857895216E-01    0.5824750537E-01
         459.10    0.5084154157E-01    0.7859784213E-02    0.5870132578E-01    0.5824798358E-01
         459.59    0.5665206959E-01    0.2133115131E-02    0.5878518472E-01    0.5824854906E-01
         460.07    0.5630313886E-01    0.2475904066E-02    0.5877904293E-01    0.5824910688E-01
         460.56    0.4990260656E-01    0.8772468410E-02    0.5867507497E-01    0.5824955433E-01
         461.04    0.3905471379E-01    0.1946840003E-01    0.5852311382E-01    0.5824984138E-01
         461.52    0.2618032582E-01    0.3217964904E-01    0.5835997486E-01    0.5824995683E-01
         462.01    0.1395369910E-01    0.4419300366E-01    0.5814670276E-01    0.5824984871E-01
         462.49    0.5653829715E-02    0.5213519494E-01    0.5778902465E-01    0.5824936667E-01
         462.97    0.6019711713E-02    0.5131634946E-01    0.5733606117E-01    0.5824841233E-01
         463.46    0.1964890699E-01    0.3773504411E-01    0.5738395110E-01    0.5824750997E-01
         463.94    0.4238071657E-01    0.1625126053E-01    0.5863197710E-01    0.5824791087E-01
         464.43    0.5443583532E-01    0.5284167771E-02    0.5972000310E-01    0.5824944430E-01
         464.91    0.4086869858E-01    0.1783284597E-01    0.5870154455E-01    0.5824991475E-01
         465.39    0.1582694287E-01    0.4143473288E-01    0.5726167576E-01    0.5824888748E-01
         465.88    0.1438489576E-02    0.5571632503E-01    0.5715481461E-01    0.5824775137E-01
         466.36    0.2801321713E-02    0.5493291267E-01    0.5773423438E-01    0.5824721867E-01
         466.84    0.1371114210E-01    0.4449507922E-01    0.5820622132E-01    0.5824717619E-01
         467.33    0.2776115726E-01    0.3068997100E-01    0.5845112826E-01    0.5824738732E-01
         467.81    0.4109906482E-01    0.1749564519E-01    0.5859471001E-01    0.5824774649E-01
         468.30    0.5125262159E-01    0.7462854495E-02    0.5871547608E-01    0.5824822969E-01
         468.78    0.5623960507E-01    0.2551447080E-02    0.5879105215E-01    0.5824878987E-01
         469.26    0.5490654403E-01    0.3858410837E-02    0.5876495487E-01    0.5824932200E-01
         469.75    0.4766693239E-01    0.1097141152E-01    0.5863834391E-01    0.5824972264E-01
         470.23    0.3646690311E-01    0.2200706127E-01    0.5847396438E-01    0.5824995335E-01
         470.71    0.2391734485E-01    0.3439507522E-01    0.5831242007E-01    0.5825001755E-01
         471.20    0.1265631798E-01    0.4544835217E-01    0.5810467015E-01    0.5824986832E-01
         471.68    0.5819347710E-02    0.5191756678E-01    0.5773691449E-01    0.5824934221E-01
         472.17    0.8104978513E-02    0.4917908190E-01    0.5728406041E-01    0.5824835319E-01
         472.65    0.2370532097E-01    0.3376301299E-01    0.5746833396E-01    0.5824755481E-01
         473.13    0.4627929357E-01    0.1260298927E-01    0.5888228284E-01    0.5824820382E-01
         473.62    0.5421418476E-01    0.5478080050E-02    0.5969226481E-01    0.5824967885E-01
         474.10    0.3658782073E-01    0.2176230938E-01    0.5835013011E-01    0.5824978136E-01
         474.59    0.1216073537E-01    0.4493979570E-01    0.5710053107E-01    0.5824860985E-01
         475.07    0.1111820756E-02    0.5613258186E-01    0.5724440261E-01    0.5824758723E-01
         475.55    0.5047115366E-02    0.5281953346E-01    0.5786664883E-01    0.5824719971E-01
         476.04    0.1681371919E-01    0.4147526611E-01    0.5828898530E-01    0.5824724217E-01
         476.52    0.3051227380E-01    0.2797737418E-01    0.5848964798E-01    0.5824748827E-01
         477.00    0.4287431721E-01    0.1573772663E-01    0.5861204384E-01    0.5824785800E-01
         477.49    0.5175165565E-01    0.6969103159E-02    0.5872075881E-01    0.5824833713E-01
         477.97    0.5537751670E-01    0.3400065398E-02    0.5877758210E-01    0.5824887280E-01
         478.46    0.5290106004E-01    0.5825127110E-02    0.5872618715E-01    0.5824935543E-01
         478.94    0.4511131902E-01    0.1347385610E-01    0.5858517512E-01    0.5824969464E-01
         479.42    0.3416102116E-01    0.2427228554E-01    0.5843330670E-01    0.5824987992E-01
         479.91    0.2247524574E-01    0.3583223182E-01    0.5830747756E-01    0.5824993798E-01
         480.39    0.1217284394E-01    0.4595316638E-01    0.5812601032E-01    0.5824981318E-01
         480.87    0.6004584052E-02    0.5172524212E-01    0.5772982617E-01    0.5824929005E-01
         481.36    0.8982583896E-02    0.4824362867E-01    0.5722621257E-01    0.5824826183E-01
         481.84    0.2573480999E-01    0.3175708679E-01    0.5749189678E-01    0.5824750243E-01
         482.33    0.4862929043E-01    0.1041201163E-01    0.5904130206E-01    0.5824829862E-01
         482.81    0.5452204899E-01    0.5154203777E-02    0.5967625276E-01    0.5824972943E-01
         483.29    0.3491981126E-01    0.2323770598E-01    0.5815751724E-01    0.5824963713E-01
         483.78    0.1110948536E-01    0.4593372652E-01    0.5704321187E-01    0.5824843071E-01
