 #        Time[fs] E-potential           E-kinetic     E-Total    E-Total-Avg
           0.48    0.3768361435E-01    0.3407013015E-01    0.7175374450E-01    0.7175374450E-01
           0.97    0.7862490852E-02    0.6300090895E-01    0.7086339980E-01    0.7130857215E-01
           1.45    0.1905659459E-02    0.6986723378E-01    0.7177289324E-01    0.7146334585E-01
           1.94    0.1160228562E-01    0.6098257407E-01    0.7258485969E-01    0.7174372431E-01
           2.42    0.2638264319E-01    0.4659958245E-01    0.7298222564E-01    0.7199142457E-01
           2.90    0.4058482971E-01    0.3252902897E-01    0.7311385867E-01    0.7217849692E-01
           3.39    0.5223483203E-01    0.2089638913E-01    0.7313122116E-01    0.7231460039E-01
           3.87    0.6103541373E-01    0.1208564541E-01    0.7312105914E-01    0.7241540773E-01
           4.35    0.6711127199E-01    0.6006480519E-02    0.7311775251E-01    0.7249344604E-01
           4.84    0.7048566756E-01    0.2641277765E-02    0.7312694533E-01    0.7255679597E-01
           5.32    0.7098652091E-01    0.2157228692E-02    0.7314374960E-01    0.7261015539E-01
           5.81    0.6832148391E-01    0.4839546405E-02    0.7316103031E-01    0.7265606163E-01
           6.29    0.6219391441E-01    0.1097595754E-01    0.7316987195E-01    0.7269558550E-01
           6.77    0.5244695247E-01    0.2070786184E-01    0.7315481431E-01    0.7272838756E-01
           7.26    0.3930282910E-01    0.3378082610E-01    0.7308365520E-01    0.7275207207E-01
           7.74    0.2384139341E-01    0.4904812597E-01    0.7288951938E-01    0.7276066253E-01
           8.22    0.8946874478E-02    0.6350633271E-01    0.7245320718E-01    0.7274257692E-01
           8.71    0.8180181324E-03    0.7085160571E-01    0.7166962384E-01    0.7268296841E-01
           9.19    0.9499113262E-02    0.6143095451E-01    0.7093006777E-01    0.7259071049E-01
           9.68    0.4077644406E-01    0.3127322953E-01    0.7204967359E-01    0.7256365864E-01
          10.16    0.7194829054E-01    0.3123993779E-02    0.7507228432E-01    0.7268311701E-01
          10.64    0.6253151400E-01    0.1134613831E-01    0.7387765231E-01    0.7273741407E-01
          11.13    0.2739928349E-01    0.4387738747E-01    0.7127667096E-01    0.7267390350E-01
          11.61    0.5770901848E-02    0.6551467026E-01    0.7128557210E-01    0.7261605635E-01
          12.09    0.4500913493E-02    0.6759808759E-01    0.7209900109E-01    0.7259537414E-01
          12.58    0.1475523308E-01    0.5790618604E-01    0.7266141912E-01    0.7259791434E-01
          13.06    0.2898083150E-01    0.4396027503E-01    0.7294110653E-01    0.7261062516E-01
          13.55    0.4314122175E-01    0.2992833632E-01    0.7306955807E-01    0.7262701562E-01
          14.03    0.5530628213E-01    0.1782266067E-01    0.7312894280E-01    0.7264432345E-01
          14.51    0.6454991837E-01    0.8606836537E-02    0.7315675491E-01    0.7266140450E-01
          15.00    0.7041888784E-01    0.2750459244E-02    0.7316934708E-01    0.7267778975E-01
          15.48    0.7269936990E-01    0.4745325577E-03    0.7317390246E-01    0.7269329327E-01
          15.96    0.7131506099E-01    0.1857794923E-02    0.7317285591E-01    0.7270782547E-01
          16.45    0.6629272236E-01    0.6872308554E-02    0.7316503092E-01    0.7272127269E-01
          16.93    0.5777879273E-01    0.1536600437E-01    0.7314479711E-01    0.7273337339E-01
          17.42    0.4611946070E-01    0.2697879438E-01    0.7309825508E-01    0.7274350899E-01
          17.90    0.3206016074E-01    0.4093225835E-01    0.7299241909E-01    0.7275023629E-01
          18.38    0.1721848030E-01    0.5553281135E-01    0.7275129165E-01    0.7275026406E-01
          18.87    0.5130284933E-02    0.6710576403E-01    0.7223604896E-01    0.7273707906E-01
          19.35    0.2887400407E-02    0.6850149049E-01    0.7138889090E-01    0.7270337435E-01
          19.83    0.2042122213E-01    0.5059516368E-01    0.7101638581E-01    0.7266222829E-01
          20.32    0.5631390361E-01    0.1695305406E-01    0.7326695767E-01    0.7267662661E-01
          20.80    0.7410909679E-01    0.1291519367E-02    0.7540061615E-01    0.7273997521E-01
          21.29    0.4694281071E-01    0.2556741153E-01    0.7251022224E-01    0.7273475355E-01
          21.77    0.1230249009E-01    0.5854709047E-01    0.7084958056E-01    0.7269286081E-01
          22.25    0.9622174344E-04    0.7141206288E-01    0.7150828463E-01    0.7266710916E-01
          22.74    0.6750253726E-02    0.6562011384E-01    0.7237036756E-01    0.7266079551E-01
          23.22    0.2150470377E-01    0.5135910346E-01    0.7286380723E-01    0.7266502492E-01
          23.71    0.3740442988E-01    0.3567941493E-01    0.7308384481E-01    0.7267357226E-01
          24.19    0.5118185789E-01    0.2198362770E-01    0.7316548559E-01    0.7268341053E-01
          24.67    0.6158514359E-01    0.1160019326E-01    0.7318533685E-01    0.7269325222E-01
          25.16    0.6830094014E-01    0.4878729967E-02    0.7317967011E-01    0.7270260641E-01
          25.64    0.7141880593E-01    0.1746132566E-02    0.7316493849E-01    0.7271132966E-01
          26.12    0.7117959036E-01    0.1969478249E-02    0.7314906861E-01    0.7271943594E-01
          26.61    0.6784856896E-01    0.5288189231E-02    0.7313675819E-01    0.7272702361E-01
          27.09    0.6163695423E-01    0.1149345156E-01    0.7313040579E-01    0.7273422687E-01
          27.58    0.5266123385E-01    0.2046414394E-01    0.7312537780E-01    0.7274108916E-01
          28.06    0.4101481547E-01    0.3208187190E-01    0.7309668737E-01    0.7274722017E-01
          28.54    0.2714650061E-01    0.4583010658E-01    0.7297660719E-01    0.7275110808E-01
          29.03    0.1284359795E-01    0.5979114462E-01    0.7263474257E-01    0.7274916866E-01
          29.51    0.2981993651E-02    0.6893992627E-01    0.7192191992E-01    0.7273560720E-01
          29.99    0.6939234880E-02    0.6409962837E-01    0.7103886325E-01    0.7270824036E-01
          30.48    0.3341157917E-01    0.3813454973E-01    0.7154612889E-01    0.7268979415E-01
          30.96    0.6766553799E-01    0.6967461153E-02    0.7463299915E-01    0.7272015673E-01
          31.45    0.6654788321E-01    0.7934051906E-02    0.7448193512E-01    0.7274726101E-01
          31.93    0.3189159852E-01    0.3956502443E-01    0.7145662295E-01    0.7272770589E-01
          32.41    0.6593372411E-02    0.6448768691E-01    0.7108105932E-01    0.7270312908E-01
          32.90    0.3532216300E-02    0.6842780608E-01    0.7196002238E-01    0.7269220104E-01
          33.38    0.1382834859E-01    0.5881667964E-01    0.7264502823E-01    0.7269151737E-01
          33.86    0.2842317736E-01    0.4455972890E-01    0.7298290626E-01    0.7269568007E-01
          34.35    0.4249886953E-01    0.3061594942E-01    0.7311481894E-01    0.7270158343E-01
          34.83    0.5412666246E-01    0.1902486170E-01    0.7315152416E-01    0.7270783261E-01
          35.32    0.6278383164E-01    0.1036813153E-01    0.7315196317E-01    0.7271391659E-01
          35.80    0.6849636787E-01    0.4649308953E-02    0.7314567682E-01    0.7271975119E-01
          36.28    0.7139288376E-01    0.1754368050E-02    0.7314725181E-01    0.7272545120E-01
          36.77    0.7148109690E-01    0.1680196640E-02    0.7316129354E-01    0.7273118597E-01
          37.25    0.6857720390E-01    0.4605762789E-02    0.7318296669E-01    0.7273705325E-01
          37.73    0.6237793410E-01    0.1082090253E-01    0.7319883663E-01    0.7274297355E-01
          38.22    0.5266011960E-01    0.2052864377E-01    0.7318876337E-01    0.7274861646E-01
          38.70    0.3958114541E-01    0.3354085101E-01    0.7312199641E-01    0.7275328371E-01
          39.19    0.2413739133E-01    0.4879991515E-01    0.7293730649E-01    0.7275555559E-01
          39.67    0.9041548177E-02    0.6347059595E-01    0.7251214413E-01    0.7275258716E-01
          40.15    0.3065418581E-03    0.7140061744E-01    0.7170715930E-01    0.7273999164E-01
          40.64    0.8267717019E-02    0.6258752661E-01    0.7085524363E-01    0.7271755417E-01
          41.12    0.4000492502E-01    0.3189983431E-01    0.7190475933E-01    0.7270799187E-01
          41.60    0.7273175463E-01    0.2499917687E-02    0.7523167232E-01    0.7273733700E-01
          42.09    0.6194147166E-01    0.1197928774E-01    0.7392075940E-01    0.7275093955E-01
          42.57    0.2390141622E-01    0.4713398635E-01    0.7103540257E-01    0.7273144481E-01
          43.06    0.2073250917E-02    0.6906565120E-01    0.7113890211E-01    0.7271355108E-01
          43.54    0.2846323195E-02    0.6924911547E-01    0.7209543867E-01    0.7270668316E-01
          44.02    0.1555184953E-01    0.5718345241E-01    0.7273530194E-01    0.7270699765E-01
          44.51    0.3152295548E-01    0.4151937436E-01    0.7304232984E-01    0.7271064257E-01
          44.99    0.4632978813E-01    0.2683990104E-01    0.7316968917E-01    0.7271557855E-01
          45.48    0.5808868175E-01    0.1512189393E-01    0.7321057568E-01    0.7272084448E-01
          45.96    0.6618875648E-01    0.7019537789E-02    0.7320829427E-01    0.7272597553E-01
          46.44    0.7065676589E-01    0.2530447679E-02    0.7318721357E-01    0.7273078009E-01
          46.93    0.7179210923E-01    0.1373525937E-02    0.7316563517E-01    0.7273526313E-01
          47.41    0.6989517661E-01    0.3259728567E-02    0.7315490518E-01    0.7273954520E-01
          47.89    0.6509900535E-01    0.8057102839E-02    0.7315610819E-01    0.7274375290E-01
          48.38    0.5735327034E-01    0.1580564371E-01    0.7315891405E-01    0.7274790451E-01
          48.86    0.4658166223E-01    0.2655737853E-01    0.7313904077E-01    0.7275177715E-01
          49.35    0.3305053144E-01    0.3999756792E-01    0.7304809936E-01    0.7275468227E-01
          49.83    0.1808488465E-01    0.5470799332E-01    0.7279287797E-01    0.7275505310E-01
          50.31    0.5366050437E-02    0.6686379340E-01    0.7222984384E-01    0.7275000301E-01
          50.80    0.2597762918E-02    0.6874358887E-01    0.7134135178E-01    0.7273658729E-01
          51.28    0.2014529109E-01    0.5088844612E-01    0.7103373721E-01    0.7272052266E-01
          51.76    0.5568664908E-01    0.1767923269E-01    0.7336588177E-01    0.7272655406E-01
          52.25    0.7235112641E-01    0.2914034958E-02    0.7526516137E-01    0.7275005968E-01
          52.73    0.4623733184E-01    0.2620279730E-01    0.7244012914E-01    0.7274721628E-01
          53.22    0.1429396675E-01    0.5668905688E-01    0.7098302363E-01    0.7273117817E-01
          53.70    0.3586223855E-02    0.6807562822E-01    0.7166185208E-01    0.7272154460E-01
          54.18    0.9925899511E-02    0.6255534075E-01    0.7248124026E-01    0.7271939902E-01
          54.67    0.2310086347E-01    0.4982119909E-01    0.7292206256E-01    0.7272119251E-01
          55.15    0.3695591480E-01    0.3613367439E-01    0.7308958918E-01    0.7272442406E-01
          55.63    0.4902967030E-01    0.2410330738E-01    0.7313297768E-01    0.7272797670E-01
          56.12    0.5865416172E-01    0.1448527207E-01    0.7313943379E-01    0.7273152374E-01
          56.60    0.6571294498E-01    0.7431431182E-02    0.7314437617E-01    0.7273505239E-01
          57.09    0.7011069273E-01    0.3045207396E-02    0.7315590012E-01    0.7273861890E-01
          57.57    0.7164759177E-01    0.1524509997E-02    0.7317210176E-01    0.7274226161E-01
          58.05    0.7005115894E-01    0.3137564012E-02    0.7318872295E-01    0.7274598212E-01
          58.54    0.6504816230E-01    0.8151875133E-02    0.7320003744E-01    0.7274973465E-01
          59.02    0.5645922780E-01    0.1673628249E-01    0.7319551029E-01    0.7275338855E-01
          59.50    0.4436357661E-01    0.2878851902E-01    0.7315209563E-01    0.7275663007E-01
          59.99    0.2944481615E-01    0.4357441829E-01    0.7301923444E-01    0.7275874784E-01
          60.47    0.1372150225E-01    0.5897441591E-01    0.7269591816E-01    0.7275824521E-01
          60.96    0.1906035895E-02    0.7013307457E-01    0.7203911047E-01    0.7275253779E-01
          61.44    0.2878387777E-02    0.6825271658E-01    0.7113110435E-01    0.7273977060E-01
          61.92    0.2644330051E-01    0.4480550749E-01    0.7124880800E-01    0.7272812245E-01
          62.41    0.6339955211E-01    0.1078357523E-01    0.7418312735E-01    0.7273940156E-01
          62.89    0.7079911775E-01    0.4212742417E-02    0.7501186017E-01    0.7275688201E-01
          63.37    0.3833945878E-01    0.3351080877E-01    0.7185026754E-01    0.7274996129E-01
          63.86    0.9048175475E-02    0.6197577481E-01    0.7102395028E-01    0.7273688545E-01
          64.34    0.2170510335E-02    0.6966381536E-01    0.7183432570E-01    0.7273009928E-01
          64.83    0.1058212439E-01    0.6197470628E-01    0.7255683067E-01    0.7272880623E-01
          65.31    0.2493305471E-01    0.4799876974E-01    0.7293182445E-01    0.7273031007E-01
          65.79    0.3988166907E-01    0.3321633511E-01    0.7309800418E-01    0.7273301371E-01
          66.28    0.5294703353E-01    0.2022168107E-01    0.7316871460E-01    0.7273619400E-01
          66.76    0.6303192688E-01    0.1016650558E-01    0.7319843246E-01    0.7273954356E-01
          67.24    0.6965030806E-01    0.3560067314E-02    0.7321037538E-01    0.7274293084E-01
          67.73    0.7259117986E-01    0.6230070534E-03    0.7321418692E-01    0.7274629695E-01
          68.21    0.7177970450E-01    0.1433344841E-02    0.7321304935E-01    0.7274960725E-01
          68.70    0.6723202125E-01    0.5973816556E-02    0.7320583781E-01    0.7275282014E-01
          69.18    0.5907198936E-01    0.1411466443E-01    0.7318665379E-01    0.7275585395E-01
          69.66    0.4761665475E-01    0.2552476058E-01    0.7314141533E-01    0.7275853146E-01
          70.15    0.3358015161E-01    0.3945832575E-01    0.7303847736E-01    0.7276046212E-01
          70.63    0.1852838848E-01    0.5428034226E-01    0.7280873074E-01    0.7276079272E-01
          71.12    0.5831902280E-02    0.6649757095E-01    0.7232947323E-01    0.7275785858E-01
          71.60    0.2131212674E-02    0.6940780462E-01    0.7153901730E-01    0.7274962316E-01
          72.08    0.1694714134E-01    0.5413051505E-01    0.7107765639E-01    0.7273840191E-01
          72.57    0.5106517159E-01    0.2183541045E-01    0.7290058204E-01    0.7273948311E-01
          73.05    0.7345068813E-01    0.1891553001E-02    0.7534224113E-01    0.7275671992E-01
          73.53    0.5269612150E-01    0.2036608349E-01    0.7306220499E-01    0.7275872969E-01
          74.02    0.1801130026E-01    0.5305639002E-01    0.7106769028E-01    0.7274767714E-01
          74.50    0.2454969454E-02    0.6902050846E-01    0.7147547792E-01    0.7273941611E-01
          74.99    0.6293558196E-02    0.6601612355E-01    0.7230968175E-01    0.7273664363E-01
          75.47    0.1954466964E-01    0.5328938197E-01    0.7283405161E-01    0.7273726804E-01
          75.95    0.3493289606E-01    0.3815062867E-01    0.7308352473E-01    0.7273947350E-01
          76.44    0.4878848261E-01    0.2439558937E-01    0.7318407198E-01    0.7274228741E-01
          76.92    0.5958439818E-01    0.1362996202E-01    0.7321436019E-01    0.7274525642E-01
          77.40    0.6685409718E-01    0.6359166517E-02    0.7321326370E-01    0.7274818147E-01
          77.89    0.7062442307E-01    0.2574548260E-02    0.7319897133E-01    0.7275098141E-01
          78.37    0.7113943119E-01    0.2041354250E-02    0.7318078544E-01    0.7275363452E-01
          78.86    0.6871195391E-01    0.4453443638E-02    0.7316539755E-01    0.7275616067E-01
          79.34    0.6361287070E-01    0.9546228076E-02    0.7315909878E-01    0.7275861761E-01
          79.82    0.5596957578E-01    0.1719463026E-01    0.7316420605E-01    0.7276107572E-01
          80.31    0.4573378566E-01    0.2743212167E-01    0.7316590733E-01    0.7276351447E-01
          80.79    0.3291577607E-01    0.4019303698E-01    0.7310881304E-01    0.7276558212E-01
          81.27    0.1840823722E-01    0.5446529360E-01    0.7287353082E-01    0.7276622467E-01
          81.76    0.5655333364E-02    0.6663387708E-01    0.7228921045E-01    0.7276340210E-01
          82.24    0.2676020146E-02    0.6866540964E-01    0.7134142979E-01    0.7275503756E-01
          82.73    0.2052786612E-01    0.5050051920E-01    0.7102838532E-01    0.7274494018E-01
          83.21    0.5650179898E-01    0.1702726591E-01    0.7352906490E-01    0.7274949904E-01
          83.69    0.7147553830E-01    0.3851435331E-02    0.7532697363E-01    0.7276439774E-01
          84.18    0.4293035597E-01    0.2933923627E-01    0.7226959224E-01    0.7276155403E-01
          84.66    0.1093754122E-01    0.5998272500E-01    0.7092026622E-01    0.7275103239E-01
          85.14    0.1623311471E-02    0.7006183388E-01    0.7168514535E-01    0.7274497621E-01
          85.63    0.9523876841E-02    0.6299446068E-01    0.7251833752E-01    0.7274369577E-01
          86.11    0.2411875180E-01    0.4884538221E-01    0.7296413401E-01    0.7274493418E-01
          86.60    0.3915551150E-01    0.3399091660E-01    0.7314642810E-01    0.7274717717E-01
          87.08    0.5197924491E-01    0.2122464976E-01    0.7320389467E-01    0.7274971449E-01
          87.56    0.6175196180E-01    0.1146219088E-01    0.7321415268E-01    0.7275228044E-01
          88.05    0.6834102127E-01    0.4873291544E-02    0.7321431282E-01    0.7275481908E-01
          88.53    0.7176552306E-01    0.1453742160E-02    0.7321926522E-01    0.7275735704E-01
          89.01    0.7197012003E-01    0.1260312674E-02    0.7323043270E-01    0.7275992810E-01
          89.50    0.6880092853E-01    0.4440054535E-02    0.7324098307E-01    0.7276252840E-01
          89.98    0.6210486410E-01    0.1113549977E-01    0.7324036387E-01    0.7276509741E-01
          90.47    0.5188636583E-01    0.2132853221E-01    0.7321489804E-01    0.7276750276E-01
          90.95    0.3851500563E-01    0.3462314630E-01    0.7313815193E-01    0.7276947430E-01
          91.43    0.2312059061E-01    0.4982756961E-01    0.7294816021E-01    0.7277041972E-01
          91.92    0.8474831660E-02    0.6404840975E-01    0.7252324141E-01    0.7276911879E-01
          92.40    0.5499406171E-03    0.7119388118E-01    0.7174382180E-01    0.7276375074E-01
          92.89    0.9263782424E-02    0.6172053525E-01    0.7098431767E-01    0.7275448286E-01
          93.37    0.4055100007E-01    0.3154803826E-01    0.7209903833E-01    0.7275108677E-01
          93.85    0.7156536360E-01    0.3607702890E-02    0.7517306649E-01    0.7276357120E-01
          94.34    0.6127111412E-01    0.1262711329E-01    0.7389822741E-01    0.7276938995E-01
          94.82    0.2558556340E-01    0.4565877053E-01    0.7124433393E-01    0.7276160906E-01
          95.30    0.4667566315E-02    0.6664297155E-01    0.7131053787E-01    0.7275424321E-01
          95.79    0.4832116936E-02    0.6735636843E-01    0.7218848537E-01    0.7275138585E-01
          96.27    0.1640323725E-01    0.5638582201E-01    0.7278905926E-01    0.7275157516E-01
          96.76    0.3129961312E-01    0.4178041123E-01    0.7308002435E-01    0.7275321741E-01
          97.24    0.4534654262E-01    0.2785352215E-01    0.7320006477E-01    0.7275544053E-01
          97.72    0.5677868627E-01    0.1646056224E-01    0.7323924851E-01    0.7275783562E-01
          98.21    0.6501717526E-01    0.8224349880E-02    0.7324152514E-01    0.7276021833E-01
          98.69    0.7002960613E-01    0.3199959209E-02    0.7322956534E-01    0.7276251905E-01
          99.17    0.7199102503E-01    0.1226292123E-02    0.7321731715E-01    0.7276473757E-01
          99.66    0.7107522671E-01    0.2137526524E-02    0.7321275324E-01    0.7276691241E-01
         100.14    0.6733616466E-01    0.5881127032E-02    0.7321729169E-01    0.7276908815E-01
         100.63    0.6068822760E-01    0.1253661653E-01    0.7322484413E-01    0.7277127929E-01
         101.11    0.5100111908E-01    0.2221798944E-01    0.7321910853E-01    0.7277342201E-01
         101.59    0.3834979403E-01    0.3481528005E-01    0.7316507408E-01    0.7277528702E-01
         102.08    0.2353854209E-01    0.4945156802E-01    0.7299011011E-01    0.7277630514E-01
         102.56    0.9139939735E-02    0.6342202796E-01    0.7256196770E-01    0.7277529411E-01
         103.04    0.1193089341E-02    0.7056172894E-01    0.7175481828E-01    0.7277050315E-01
         103.53    0.9958435314E-02    0.6101940488E-01    0.7097784019E-01    0.7276212622E-01
         104.01    0.4131330435E-01    0.3089109812E-01    0.7220440247E-01    0.7275953215E-01
         104.50    0.7072910064E-01    0.4568360255E-02    0.7529746089E-01    0.7277128182E-01
         104.98    0.5740906966E-01    0.1628359186E-01    0.7369266151E-01    0.7277552781E-01
         105.46    0.2144273565E-01    0.4964117200E-01    0.7108390765E-01    0.7276776809E-01
         105.95    0.2945113376E-02    0.6837917353E-01    0.7132428690E-01    0.7276117685E-01
         106.43    0.5745726206E-02    0.6653606831E-01    0.7228179452E-01    0.7275899784E-01
         106.91    0.1878388979E-01    0.5410437066E-01    0.7288826045E-01    0.7275958274E-01
         107.40    0.3376513151E-01    0.3937542275E-01    0.7314055426E-01    0.7276129883E-01
         107.88    0.4701678326E-01    0.2619329235E-01    0.7321007561E-01    0.7276331128E-01
         108.37    0.5748175805E-01    0.1573477661E-01    0.7321653466E-01    0.7276533460E-01
         108.85    0.6504658353E-01    0.8168758348E-02    0.7321534188E-01    0.7276733463E-01
         109.33    0.6971642865E-01    0.3506107202E-02    0.7322253585E-01    0.7276934879E-01
         109.82    0.7136352402E-01    0.1873895695E-02    0.7323741971E-01    0.7277141078E-01
         110.30    0.6973601857E-01    0.3518361963E-02    0.7325438053E-01    0.7277352907E-01
         110.78    0.6454947091E-01    0.8716058448E-02    0.7326552935E-01    0.7277567754E-01
         111.27    0.5561542204E-01    0.1764197977E-01    0.7325740182E-01    0.7277777199E-01
         111.75    0.4305200542E-01    0.3015042043E-01    0.7320242585E-01    0.7277961032E-01
         112.24    0.2769781171E-01    0.4534540310E-01    0.7304321481E-01    0.7278074655E-01
         112.72    0.1193621848E-01    0.6073720957E-01    0.7267342805E-01    0.7278028595E-01
         113.20    0.1093211658E-02    0.7087878827E-01    0.7197199992E-01    0.7277683174E-01
         113.69    0.4471576839E-02    0.6667466989E-01    0.7114624673E-01    0.7276989308E-01
         114.17    0.3027219799E-01    0.4136877718E-01    0.7164097518E-01    0.7276510953E-01
         114.66    0.6462618527E-01    0.9917171706E-02    0.7454335698E-01    0.7277261268E-01
         115.14    0.6672508217E-01    0.7893044734E-02    0.7461812690E-01    0.7278036695E-01
         115.62    0.3550451702E-01    0.3632734240E-01    0.7183185942E-01    0.7277639830E-01
         116.11    0.1024684551E-01    0.6108297735E-01    0.7132982286E-01    0.7277037090E-01
         116.59    0.4993298127E-02    0.6706525998E-01    0.7205855810E-01    0.7276741732E-01
         117.07    0.1297436916E-01    0.5969289328E-01    0.7266726244E-01    0.7276700345E-01
         117.56    0.2629689611E-01    0.4669348665E-01    0.7299038276E-01    0.7276792271E-01
         118.04    0.4037372944E-01    0.3277091558E-01    0.7314464501E-01    0.7276946665E-01
         118.53    0.5291207164E-01    0.2030610252E-01    0.7321817416E-01    0.7277129811E-01
         119.01    0.6277693346E-01    0.1047646162E-01    0.7325339508E-01    0.7277325786E-01
         119.49    0.6940151739E-01    0.3867872769E-02    0.7326939016E-01    0.7277526649E-01
         119.98    0.7251812208E-01    0.7567839540E-03    0.7327490603E-01    0.7277728117E-01
         120.46    0.7203488418E-01    0.1238597675E-02    0.7327348185E-01    0.7277927394E-01
         120.94    0.6798543981E-01    0.5279747177E-02    0.7326518699E-01    0.7278121759E-01
         121.43    0.6052670373E-01    0.1272002499E-01    0.7324672872E-01    0.7278307222E-01
         121.91    0.4998324340E-01    0.2322632388E-01    0.7320956727E-01    0.7278476466E-01
         122.40    0.3696600468E-01    0.3616705628E-01    0.7313306096E-01    0.7278614132E-01
         122.88    0.2266563105E-01    0.5030046008E-01    0.7296609113E-01    0.7278684979E-01
         123.36    0.9569466213E-02    0.6302869771E-01    0.7259816393E-01    0.7278610984E-01
         123.85    0.2878175922E-02    0.6902251993E-01    0.7190069585E-01    0.7278265120E-01
         124.33    0.1144299066E-01    0.5974397430E-01    0.7118696496E-01    0.7277644230E-01
         124.81    0.4079728743E-01    0.3140377999E-01    0.7220106741E-01    0.7277421216E-01
         125.30    0.6965276760E-01    0.5489505047E-02    0.7514227265E-01    0.7278335525E-01
         125.78    0.5861616222E-01    0.1531982753E-01    0.7393598975E-01    0.7278778846E-01
         126.27    0.2286527151E-01    0.4839524179E-01    0.7126051330E-01    0.7278193684E-01
         126.75    0.2443932543E-02    0.6885707527E-01    0.7130100781E-01    0.7277628443E-01
         127.23    0.3821416677E-02    0.6838603987E-01    0.7220745655E-01    0.7277412159E-01
         127.72    0.1685972998E-01    0.5598008192E-01    0.7283981191E-01    0.7277437042E-01
         128.20    0.3295536689E-01    0.4019011419E-01    0.7314548108E-01    0.7277577084E-01
         128.68    0.4766141952E-01    0.2560500189E-01    0.7326642140E-01    0.7277761539E-01
         129.17    0.5916060584E-01    0.1414075355E-01    0.7330135939E-01    0.7277957697E-01
         129.65    0.6692092550E-01    0.6379338546E-02    0.7330026404E-01    0.7278151984E-01
         130.14    0.7096691758E-01    0.2319675562E-02    0.7328659315E-01    0.7278339743E-01
         130.62    0.7152423269E-01    0.1747505627E-02    0.7327173832E-01    0.7278520610E-01
         131.10    0.6884065661E-01    0.4421218143E-02    0.7326187476E-01    0.7278696503E-01
         131.59    0.6308614314E-01    0.1017311073E-01    0.7325925387E-01    0.7278870138E-01
         132.07    0.5431619388E-01    0.1894135266E-01    0.7325754654E-01    0.7279041876E-01
         132.55    0.4257095952E-01    0.3065875397E-01    0.7322971350E-01    0.7279202203E-01
         133.04    0.2828559594E-01    0.4482327022E-01    0.7310886616E-01    0.7279317419E-01
         133.52    0.1326345487E-01    0.5950811213E-01    0.7277156700E-01    0.7279309590E-01
         134.01    0.2337871115E-02    0.6973958378E-01    0.7207745490E-01    0.7279051236E-01
         134.49    0.4720693253E-02    0.6648378748E-01    0.7120448074E-01    0.7278480721E-01
         134.97    0.2932658049E-01    0.4226679318E-01    0.7159337366E-01    0.7278053684E-01
         135.46    0.6351305547E-01    0.1102148572E-01    0.7453454119E-01    0.7278680114E-01
         135.94    0.6570721010E-01    0.9002129868E-02    0.7470933996E-01    0.7279364292E-01
         136.43    0.3367798168E-01    0.3809854957E-01    0.7177653125E-01    0.7279003614E-01
         136.91    0.8438143182E-02    0.6281974937E-01    0.7125789255E-01    0.7278462220E-01
         137.39    0.4561241948E-02    0.6751737590E-01    0.7207861784E-01    0.7278213627E-01
         137.88    0.1416594192E-01    0.5859270219E-01    0.7275864411E-01    0.7278205384E-01
         138.36    0.2836043653E-01    0.4474148680E-01    0.7310192333E-01    0.7278317227E-01
         138.84    0.4226902788E-01    0.3096986643E-01    0.7323889431E-01    0.7278476015E-01
         139.33    0.5388390784E-01    0.1939527805E-01    0.7327918589E-01    0.7278647691E-01
         139.81    0.6261868301E-01    0.1066302294E-01    0.7328170595E-01    0.7278819050E-01
         140.30    0.6845832746E-01    0.4817288885E-02    0.7327561635E-01    0.7278987128E-01
         140.78    0.7152100984E-01    0.1754110672E-02    0.7327512051E-01    0.7279153880E-01
         141.26    0.7184081981E-01    0.1444427927E-02    0.7328524774E-01    0.7279322959E-01
         141.75    0.6929064790E-01    0.4012433691E-02    0.7330308159E-01    0.7279496970E-01
         142.23    0.6362585950E-01    0.9692553032E-02    0.7331841254E-01    0.7279675012E-01
         142.71    0.5463683657E-01    0.1867796661E-01    0.7331480317E-01    0.7279850623E-01
         143.20    0.4239483854E-01    0.3087160244E-01    0.7326644098E-01    0.7280008709E-01
         143.68    0.2763727517E-01    0.4548527423E-01    0.7312254940E-01    0.7280117282E-01
         144.17    0.1250109713E-01    0.6027832467E-01    0.7277942180E-01    0.7280109983E-01
         144.65    0.1900275188E-02    0.7019421800E-01    0.7209449319E-01    0.7279873660E-01
         145.13    0.4890334709E-02    0.6631993588E-01    0.7121027059E-01    0.7279344171E-01
         145.62    0.3036271837E-01    0.4122076095E-01    0.7158347932E-01    0.7278942190E-01
         146.10    0.6530397779E-01    0.9344581664E-02    0.7464855945E-01    0.7279557799E-01
         146.58    0.6626835082E-01    0.8515290489E-02    0.7478364131E-01    0.7280213925E-01
         147.07    0.3162035503E-01    0.4002808638E-01    0.7164844141E-01    0.7279834419E-01
         147.55    0.5190013077E-02    0.6595480372E-01    0.7114481680E-01    0.7279292279E-01
         148.04    0.1812967388E-02    0.7021763247E-01    0.7203059986E-01    0.7279043154E-01
         148.52    0.1279689013E-01    0.5995303389E-01    0.7274992403E-01    0.7279029959E-01
         149.00    0.2866995680E-01    0.4445124710E-01    0.7312120390E-01    0.7279137396E-01
         149.49    0.4413224154E-01    0.2915316729E-01    0.7328540882E-01    0.7279297278E-01
         149.97    0.5676507601E-01    0.1658240677E-01    0.7334748278E-01    0.7279476152E-01
         150.45    0.6564727474E-01    0.7709657784E-02    0.7335693252E-01    0.7279656914E-01
         150.94    0.7064035311E-01    0.2699593109E-02    0.7333994622E-01    0.7279831074E-01
         151.42    0.7199659295E-01    0.1320376309E-02    0.7331696926E-01    0.7279996779E-01
         151.91    0.7005468208E-01    0.3247965756E-02    0.7330264783E-01    0.7280156868E-01
         152.39    0.6502136911E-01    0.8279119250E-02    0.7330048836E-01    0.7280315256E-01
         152.87    0.5691700594E-01    0.1638313806E-01    0.7330014400E-01    0.7280472531E-01
         153.36    0.4573023725E-01    0.2754440292E-01    0.7327464018E-01    0.7280620769E-01
         153.84    0.3182453509E-01    0.4134572871E-01    0.7317026380E-01    0.7280735252E-01
         154.32    0.1672873290E-01    0.5615833357E-01    0.7288706647E-01    0.7280760241E-01
         154.81    0.4511141624E-02    0.6777503115E-01    0.7228617277E-01    0.7280597294E-01
         155.29    0.3290497460E-02    0.6813031362E-01    0.7142081108E-01    0.7280165780E-01
         155.78    0.2271378497E-01    0.4866546609E-01    0.7137925106E-01    0.7279724039E-01
         156.26    0.5671543557E-01    0.1719424968E-01    0.7390968524E-01    0.7280068449E-01
         156.74    0.6740310968E-01    0.7693891566E-02    0.7509700125E-01    0.7280777188E-01
         157.23    0.3994621059E-01    0.3233389769E-01    0.7228010828E-01    0.7280614830E-01
         157.71    0.1211978041E-01    0.5913780208E-01    0.7125758249E-01    0.7280139810E-01
         158.20    0.5009284460E-02    0.6698203774E-01    0.7199132220E-01    0.7279892081E-01
         158.68    0.1281322486E-01    0.5992487253E-01    0.7273809739E-01    0.7279873537E-01
         159.16    0.2605093142E-01    0.4706900281E-01    0.7311993423E-01    0.7279971166E-01
         159.65    0.3936318592E-01    0.3389224470E-01    0.7325543061E-01    0.7280109262E-01
         160.13    0.5075619677E-01    0.2252895611E-01    0.7328515287E-01    0.7280255504E-01
         160.61    0.5977455724E-01    0.1351379360E-01    0.7328835084E-01    0.7280401828E-01
         161.10    0.6636285332E-01    0.6931873782E-02    0.7329472711E-01    0.7280549188E-01
         161.58    0.7041531913E-01    0.2893532965E-02    0.7330885209E-01    0.7280699895E-01
         162.07    0.7170211420E-01    0.1624988554E-02    0.7332710275E-01    0.7280855150E-01
         162.55    0.6992799955E-01    0.3416615875E-02    0.7334461542E-01    0.7281014693E-01
         163.03    0.6481463589E-01    0.8540960919E-02    0.7335559681E-01    0.7281176547E-01
         163.52    0.5619690643E-01    0.1715284736E-01    0.7334975379E-01    0.7281335715E-01
         164.00    0.4418390014E-01    0.2912087049E-01    0.7330477063E-01    0.7281480675E-01
         164.48    0.2949240996E-01    0.4367974686E-01    0.7317215681E-01    0.7281585778E-01
         164.97    0.1414304595E-01    0.5871368068E-01    0.7285672663E-01    0.7281597763E-01
         165.45    0.2727773767E-02    0.6950140102E-01    0.7222917479E-01    0.7281426183E-01
         165.94    0.3694783860E-02    0.6769159676E-01    0.7138638062E-01    0.7281009891E-01
         166.42    0.2602885154E-01    0.4551010518E-01    0.7153895672E-01    0.7280640373E-01
         166.90    0.6057845843E-01    0.1369771973E-01    0.7427617816E-01    0.7281066395E-01
         167.39    0.6730636226E-01    0.7738448402E-02    0.7504481066E-01    0.7281712102E-01
         167.87    0.3664923337E-01    0.3543869443E-01    0.7208792779E-01    0.7281501960E-01
         168.35    0.8826409075E-02    0.6242370754E-01    0.7125011662E-01    0.7281052275E-01
         168.84    0.2599224198E-02    0.6941185736E-01    0.7201108155E-01    0.7280823209E-01
         169.32    0.1138598964E-01    0.6133715568E-01    0.7272314532E-01    0.7280798898E-01
         169.81    0.2601178320E-01    0.4709061812E-01    0.7310240132E-01    0.7280882776E-01
         170.29    0.4110592542E-01    0.3216658473E-01    0.7327251015E-01    0.7281014504E-01
         170.77    0.5415649338E-01    0.1918798620E-01    0.7334447958E-01    0.7281165874E-01
         171.26    0.6407049902E-01    0.9303688807E-02    0.7337418783E-01    0.7281324780E-01
         171.74    0.7038123450E-01    0.3004938832E-02    0.7338617333E-01    0.7281486168E-01
         172.22    0.7289183024E-01    0.4987973727E-03    0.7339062761E-01    0.7281647900E-01
         172.71    0.7152778365E-01    0.1862794468E-02    0.7339057812E-01    0.7281808712E-01
         173.19    0.6629425556E-01    0.7089632796E-02    0.7338388835E-01    0.7281966757E-01
         173.68    0.5730851535E-01    0.1605353223E-01    0.7336204757E-01    0.7282117838E-01
         174.16    0.4492518701E-01    0.2837990676E-01    0.7330509377E-01    0.7282252259E-01
         174.64    0.3002771692E-01    0.4314175405E-01    0.7316947097E-01    0.7282348366E-01
         175.13    0.1465197056E-01    0.5821550817E-01    0.7286747873E-01    0.7282360520E-01
         175.61    0.3162796311E-02    0.6911210664E-01    0.7227490295E-01    0.7282209362E-01
         176.09    0.3533204436E-02    0.6793514401E-01    0.7146834845E-01    0.7281837454E-01
         176.58    0.2450785083E-01    0.4704028152E-01    0.7154813235E-01    0.7281489442E-01
         177.06    0.5846802399E-01    0.1563282737E-01    0.7410085136E-01    0.7281840797E-01
         177.55    0.6760400600E-01    0.7514586098E-02    0.7511859210E-01    0.7282467550E-01
         178.03    0.3917156065E-01    0.3316333156E-01    0.7233489221E-01    0.7282334457E-01
         178.51    0.1073004490E-01    0.6059765618E-01    0.7132770108E-01    0.7281929133E-01
         179.00    0.2963049804E-02    0.6903469462E-01    0.7199774442E-01    0.7281707094E-01
         179.48    0.1075131910E-01    0.6196187997E-01    0.7271319907E-01    0.7281679096E-01
         179.96    0.2499242335E-01    0.4812557662E-01    0.7311799996E-01    0.7281760066E-01
         180.45    0.3995564262E-01    0.3334831366E-01    0.7330395628E-01    0.7281890456E-01
         180.93    0.5287268716E-01    0.2050465027E-01    0.7337733743E-01    0.7282039770E-01
         181.42    0.6261352670E-01    0.1078451971E-01    0.7339804641E-01    0.7282193809E-01
         181.90    0.6885000737E-01    0.4544814572E-02    0.7339482194E-01    0.7282346172E-01
         182.38    0.7163524345E-01    0.1745654331E-02    0.7338089778E-01    0.7282494033E-01
         182.87    0.7120200509E-01    0.2160968298E-02    0.7336297338E-01    0.7282636370E-01
         183.35    0.6785410582E-01    0.5491949449E-02    0.7334605527E-01    0.7282773492E-01
         183.84    0.6188112448E-01    0.1145403700E-01    0.7333516149E-01    0.7282907025E-01
         184.32    0.5347533516E-01    0.1985634269E-01    0.7333167785E-01    0.7283038943E-01
         184.80    0.4271257370E-01    0.3060699580E-01    0.7331956950E-01    0.7283167001E-01
         185.29    0.2980409655E-01    0.4343534386E-01    0.7323944042E-01    0.7283273468E-01
         185.77    0.1597321847E-01    0.5699069589E-01    0.7296391436E-01    0.7283307630E-01
         186.25    0.5196651394E-02    0.6713522564E-01    0.7233187703E-01    0.7283177448E-01
         186.74    0.5915277596E-02    0.6553927235E-01    0.7145454995E-01    0.7282820654E-01
         187.22    0.2743309807E-01    0.4419647009E-01    0.7162956817E-01    0.7282510928E-01
         187.71    0.6019798184E-01    0.1418404639E-01    0.7438202823E-01    0.7282912196E-01
         188.19    0.6437643692E-01    0.1054556639E-01    0.7492200330E-01    0.7283450212E-01
         188.67    0.3326180587E-01    0.3871505350E-01    0.7197685936E-01    0.7283230303E-01
         189.16    0.7254649055E-02    0.6403046978E-01    0.7128511883E-01    0.7282834604E-01
         189.64    0.3153261335E-02    0.6895353675E-01    0.7210679808E-01    0.7282650536E-01
         190.12    0.1334439276E-01    0.5948865848E-01    0.7283305124E-01    0.7282652201E-01
         190.61    0.2838386245E-01    0.4482112915E-01    0.7320499160E-01    0.7282748260E-01
         191.09    0.4300933645E-01    0.3034317715E-01    0.7335251360E-01    0.7282881179E-01
         191.58    0.5507103334E-01    0.1832413085E-01    0.7339516419E-01    0.7283024197E-01
         192.06    0.6395270980E-01    0.9446821695E-02    0.7339953149E-01    0.7283167595E-01
         192.54    0.6960760678E-01    0.3791325593E-02    0.7339893238E-01    0.7283310122E-01
         193.03    0.7205958731E-01    0.1347952063E-02    0.7340753937E-01    0.7283454091E-01
         193.51    0.7119060812E-01    0.2234891379E-02    0.7342549950E-01    0.7283601831E-01
         193.99    0.6674075109E-01    0.6700850221E-02    0.7344160132E-01    0.7283752849E-01
         194.48    0.5847682051E-01    0.1496065374E-01    0.7343747424E-01    0.7283902089E-01
         194.96    0.4646637877E-01    0.2692245490E-01    0.7338883367E-01    0.7284038519E-01
         195.45    0.3144100362E-01    0.4181214567E-01    0.7325314929E-01    0.7284140689E-01
         195.93    0.1541596747E-01    0.5752600189E-01    0.7294196936E-01    0.7284165519E-01
         196.41    0.2884071484E-02    0.6943740200E-01    0.7232147349E-01    0.7284037395E-01
         196.90    0.2223903350E-02    0.6922770269E-01    0.7145160604E-01    0.7283696175E-01
         197.38    0.2300397530E-01    0.4846191241E-01    0.7146588771E-01    0.7283360127E-01
         197.86    0.5811666223E-01    0.1600361237E-01    0.7412027460E-01    0.7283674717E-01
         198.35    0.6809662208E-01    0.7130144900E-02    0.7522676698E-01    0.7284257649E-01
         198.83    0.3912619661E-01    0.3318462978E-01    0.7231082639E-01    0.7284128269E-01
         199.32    0.1046044431E-01    0.6086237496E-01    0.7132281927E-01    0.7283759710E-01
         199.80    0.3012456405E-02    0.6904531641E-01    0.7205777281E-01    0.7283570891E-01
         200.28    0.1097719585E-01    0.6181425751E-01    0.7279145336E-01    0.7283560201E-01
         200.77    0.2504898875E-01    0.4813775485E-01    0.7318674360E-01    0.7283644813E-01
         201.25    0.3967826788E-01    0.3368111838E-01    0.7335938626E-01    0.7283770520E-01
         201.73    0.5233812171E-01    0.2108632324E-01    0.7342444495E-01    0.7283911225E-01
         202.22    0.6206009986E-01    0.1138154590E-01    0.7344164575E-01    0.7284055371E-01
         202.70    0.6858927196E-01    0.4848735999E-02    0.7343800796E-01    0.7284197962E-01
         203.19    0.7198392727E-01    0.1443464144E-02    0.7342739141E-01    0.7284337346E-01
         203.67    0.7240625966E-01    0.1012475560E-02    0.7341873522E-01    0.7284474011E-01
         204.15    0.6998779421E-01    0.3429205161E-02    0.7341699937E-01    0.7284609618E-01
         204.64    0.6475537739E-01    0.8666061296E-02    0.7342143868E-01    0.7284745632E-01
         205.12    0.5664356499E-01    0.1677952875E-01    0.7342309374E-01    0.7284881396E-01
         205.61    0.4563174953E-01    0.2776795835E-01    0.7339970788E-01    0.7285011018E-01
         206.09    0.3207979531E-01    0.4122388674E-01    0.7330368205E-01    0.7285117490E-01
         206.57    0.1742435674E-01    0.5561663069E-01    0.7304098743E-01    0.7285161943E-01
         207.06    0.5466583618E-02    0.6700456183E-01    0.7247114545E-01    0.7285073047E-01
         207.54    0.3929025893E-02    0.6768260355E-01    0.7161162945E-01    0.7284784212E-01
         208.02    0.2247222752E-01    0.4899817946E-01    0.7147040698E-01    0.7284463879E-01
         208.51    0.5626539422E-01    0.1766925126E-01    0.7393464548E-01    0.7284716780E-01
         208.99    0.6761171568E-01    0.7733376815E-02    0.7534509250E-01    0.7285295004E-01
         209.48    0.3895041423E-01    0.3347107295E-01    0.7242148718E-01    0.7285195359E-01
         209.96    0.9068303102E-02    0.6215807286E-01    0.7122637596E-01    0.7284820802E-01
         210.44    0.1468309484E-02    0.7050514615E-01    0.7197345563E-01    0.7284619709E-01
         210.93    0.1043463800E-01    0.6235453435E-01    0.7278917235E-01    0.7284606630E-01
         211.41    0.2557547541E-01    0.4765784280E-01    0.7323331820E-01    0.7284695246E-01
         211.89    0.4064488750E-01    0.3276329337E-01    0.7340818087E-01    0.7284823380E-01
         212.38    0.5308965553E-01    0.2036121974E-01    0.7345087527E-01    0.7284960656E-01
         212.86    0.6228452553E-01    0.1116395189E-01    0.7344847743E-01    0.7285096763E-01
         213.35    0.6828427903E-01    0.5158982458E-02    0.7344326149E-01    0.7285231070E-01
         213.83    0.7118763692E-01    0.2260971276E-02    0.7344860820E-01    0.7285365979E-01
         214.31    0.7092566571E-01    0.2537648236E-02    0.7346331395E-01    0.7285503599E-01
         214.80    0.6727667354E-01    0.6203231699E-02    0.7347990524E-01    0.7285644335E-01
         215.28    0.5998404042E-01    0.1350177399E-01    0.7348581441E-01    0.7285785767E-01
         215.76    0.4895458591E-01    0.2450319926E-01    0.7345778517E-01    0.7285920280E-01
         216.25    0.3461434472E-01    0.3873430127E-01    0.7334864599E-01    0.7286029775E-01
         216.73    0.1860094204E-01    0.5446618611E-01    0.7306712816E-01    0.7286075942E-01
         217.22    0.5014496334E-02    0.6746741774E-01    0.7248191408E-01    0.7285991567E-01
         217.70    0.1864930200E-02    0.6975941186E-01    0.7162434206E-01    0.7285716995E-01
         218.18    0.1901417410E-01    0.5244840016E-01    0.7146257427E-01    0.7285407772E-01
         218.67    0.5251889092E-01    0.2125134926E-01    0.7377024018E-01    0.7285610463E-01
         219.15    0.6695141583E-01    0.8334675009E-02    0.7528609084E-01    0.7286146884E-01
         219.63    0.4309233302E-01    0.2963137226E-01    0.7272370528E-01    0.7286116539E-01
         220.12    0.1479623782E-01    0.5672024685E-01    0.7151648467E-01    0.7285821005E-01
         220.60    0.5114599574E-02    0.6699218149E-01    0.7210678107E-01    0.7285656218E-01
         221.09    0.1048490032E-01    0.6230205475E-01    0.7278695507E-01    0.7285640987E-01
         221.57    0.2255396919E-01    0.5060439775E-01    0.7315836693E-01    0.7285706916E-01
         222.05    0.3618907818E-01    0.3714031239E-01    0.7332939057E-01    0.7285809818E-01
         222.54    0.4891008161E-01    0.2450098953E-01    0.7341107114E-01    0.7285930030E-01
         223.02    0.5949549837E-01    0.1395930144E-01    0.7345479981E-01    0.7286059206E-01
         223.50    0.6726777507E-01    0.6212295252E-02    0.7348007032E-01    0.7286193292E-01
         223.99    0.7182009726E-01    0.1674472598E-02    0.7349456986E-01    0.7286329930E-01
         224.47    0.7291427150E-01    0.5872386739E-03    0.7350151017E-01    0.7286467476E-01
         224.96    0.7044128545E-01    0.3059984672E-02    0.7350127012E-01    0.7286604378E-01
         225.44    0.6441977343E-01    0.9071226897E-02    0.7349100033E-01    0.7286738489E-01
         225.92    0.5503843980E-01    0.1842439897E-01    0.7346283877E-01    0.7286865995E-01
         226.41    0.4276835396E-01    0.3063099220E-01    0.7339934616E-01    0.7286979390E-01
         226.89    0.2860997644E-01    0.4465245121E-01    0.7326242765E-01    0.7287063107E-01
         227.38    0.1462453304E-01    0.5834863851E-01    0.7297317154E-01    0.7287084924E-01
         227.86    0.4967197397E-02    0.6744902427E-01    0.7241622167E-01    0.7286988400E-01
         228.34    0.7017642726E-02    0.6465412756E-01    0.7167177028E-01    0.7286734562E-01
         228.83    0.2845558949E-01    0.4338057739E-01    0.7183616688E-01    0.7286516554E-01
         229.31    0.6034448800E-01    0.1402277069E-01    0.7436725870E-01    0.7286833452E-01
         229.79    0.6545032305E-01    0.9651868876E-02    0.7510219193E-01    0.7287303737E-01
         230.28    0.3475346437E-01    0.3750720092E-01    0.7226066529E-01    0.7287175088E-01
         230.76    0.6946796275E-02    0.6442855288E-01    0.7137534916E-01    0.7286861377E-01
         231.25    0.1077334273E-02    0.7104317531E-01    0.7212050959E-01    0.7286704869E-01
         231.73    0.1078450828E-01    0.6208253156E-01    0.7286703985E-01    0.7286704868E-01
         232.21    0.2644427897E-01    0.4683657057E-01    0.7328084954E-01    0.7286791076E-01
         232.70    0.4219186732E-01    0.3127366995E-01    0.7346553726E-01    0.7286915323E-01
         233.18    0.5530291136E-01    0.1823101615E-01    0.7353392752E-01    0.7287053243E-01
         233.66    0.6475185520E-01    0.8797767021E-02    0.7354962222E-01    0.7287193841E-01
         234.15    0.7030963939E-01    0.3233845639E-02    0.7354348502E-01    0.7287332590E-01
         234.63    0.7208579127E-01    0.1444140023E-02    0.7352993129E-01    0.7287467973E-01
         235.12    0.7030638625E-01    0.3209506546E-02    0.7351589280E-01    0.7287599910E-01
         235.60    0.6520161919E-01    0.8302865682E-02    0.7350448487E-01    0.7287728962E-01
         236.08    0.5695186633E-01    0.1654163018E-01    0.7349349651E-01    0.7287855234E-01
         236.57    0.4571957378E-01    0.2774639966E-01    0.7346597343E-01    0.7287975361E-01
         237.05    0.3190985460E-01    0.4145966603E-01    0.7336952063E-01    0.7288075314E-01
         237.53    0.1694716280E-01    0.5614294414E-01    0.7309010694E-01    0.7288117952E-01
         238.02    0.4849740237E-02    0.6762064739E-01    0.7247038762E-01    0.7288034458E-01
         238.50    0.3962443603E-02    0.6761951351E-01    0.7158195711E-01    0.7287771093E-01
         238.99    0.2405734525E-01    0.4756068122E-01    0.7161802647E-01    0.7287516096E-01
         239.47    0.5775898198E-01    0.1652362068E-01    0.7428260266E-01    0.7287800428E-01
         239.95    0.6582984511E-01    0.9398830716E-02    0.7522867583E-01    0.7288274354E-01
         240.44    0.3647075859E-01    0.3585672777E-01    0.7232748636E-01    0.7288162632E-01
         240.92    0.8933194960E-02    0.6250249197E-01    0.7143568693E-01    0.7287872283E-01
         241.40    0.2744908419E-02    0.6945158311E-01    0.7219649152E-01    0.7287735563E-01
         241.89    0.1153044339E-01    0.6139861498E-01    0.7292905837E-01    0.7287745903E-01
         242.37    0.2590543449E-01    0.4741194258E-01    0.7331737707E-01    0.7287833711E-01
         242.86    0.4038541428E-01    0.3309304742E-01    0.7347846170E-01    0.7287953258E-01
         243.34    0.5259874617E-01    0.2093006539E-01    0.7352881156E-01    0.7288082339E-01
         243.82    0.6179201696E-01    0.1174035206E-01    0.7353236902E-01    0.7288211614E-01
         244.31    0.6791937876E-01    0.5601136320E-02    0.7352051508E-01    0.7288338030E-01
         244.79    0.7117368683E-01    0.2335689346E-02    0.7350937617E-01    0.7288461745E-01
         245.27    0.7173871488E-01    0.1769121674E-02    0.7350783656E-01    0.7288584667E-01
         245.76    0.6965221798E-01    0.3866825264E-02    0.7351904325E-01    0.7288709312E-01
         246.24    0.6476005442E-01    0.8778090230E-02    0.7353814465E-01    0.7288837220E-01
         246.73    0.5679367695E-01    0.1675548668E-01    0.7354916363E-01    0.7288966787E-01
         247.21    0.4561306454E-01    0.2790920942E-01    0.7352227397E-01    0.7289090585E-01
         247.69    0.3165067726E-01    0.4175594753E-01    0.7340662479E-01    0.7289191311E-01
         248.18    0.1664798395E-01    0.5646370206E-01    0.7311168601E-01    0.7289234152E-01
         248.66    0.4875123108E-02    0.6763290417E-01    0.7250802728E-01    0.7289159383E-01
         249.15    0.4472252024E-02    0.6717834106E-01    0.7165059309E-01    0.7288918412E-01
         249.63    0.2481495010E-01    0.4682629600E-01    0.7164124610E-01    0.7288676563E-01
         250.11    0.5900722129E-01    0.1523598203E-01    0.7424320332E-01    0.7288938930E-01
         250.60    0.6802403362E-01    0.7329492967E-02    0.7535352659E-01    0.7289414633E-01
         251.08    0.3802218668E-01    0.3438179907E-01    0.7240398575E-01    0.7289320189E-01
         251.56    0.8650606269E-02    0.6273457733E-01    0.7138518359E-01    0.7289030186E-01
         252.05    0.1214993202E-02    0.7092184084E-01    0.7213683405E-01    0.7288885566E-01
         252.53    0.9712312282E-02    0.6318190987E-01    0.7289422215E-01    0.7288886594E-01
         253.02    0.2451785103E-01    0.4878515586E-01    0.7330300689E-01    0.7288965780E-01
         253.50    0.3990074241E-01    0.3358276611E-01    0.7348350852E-01    0.7289079110E-01
         253.98    0.5323313203E-01    0.2032562793E-01    0.7355875997E-01    0.7289206342E-01
         254.47    0.6341026332E-01    0.1018094677E-01    0.7359121009E-01    0.7289339260E-01
         254.95    0.6996714172E-01    0.3636350952E-02    0.7360349267E-01    0.7289474004E-01
         255.43    0.7274378016E-01    0.8584842371E-03    0.7360226440E-01    0.7289608005E-01
         255.92    0.7178131162E-01    0.1811680727E-02    0.7359299235E-01    0.7289739746E-01
         256.40    0.6723897996E-01    0.6343387356E-02    0.7358236732E-01    0.7289868986E-01
         256.89    0.5929617403E-01    0.1427471825E-01    0.7357089228E-01    0.7289995578E-01
         257.37    0.4814575711E-01    0.2539624280E-01    0.7354199992E-01    0.7290116263E-01
         257.85    0.3423907861E-01    0.3920975810E-01    0.7344883671E-01    0.7290219016E-01
         258.34    0.1896959857E-01    0.5422566897E-01    0.7319526754E-01    0.7290273899E-01
         258.82    0.6005676187E-02    0.6662949475E-01    0.7263517093E-01    0.7290223886E-01
         259.30    0.2978853182E-02    0.6878216997E-01    0.7176102315E-01    0.7290010973E-01
         259.79    0.1996114758E-01    0.5154689775E-01    0.7150804533E-01    0.7289751743E-01
         260.27    0.5390817259E-01    0.1993579041E-01    0.7384396300E-01    0.7289927662E-01
         260.76    0.6836218196E-01    0.7182499343E-02    0.7554468130E-01    0.7290418461E-01
         261.24    0.4197681073E-01    0.3077789612E-01    0.7275470685E-01    0.7290390780E-01
         261.72    0.1147244698E-01    0.5994071508E-01    0.7141316206E-01    0.7290115226E-01
         262.21    0.2263288496E-02    0.6983817584E-01    0.7210146434E-01    0.7289967682E-01
         262.69    0.9806101458E-02    0.6310808317E-01    0.7291418463E-01    0.7289970354E-01
         263.17    0.2390915381E-01    0.4945415180E-01    0.7336330561E-01    0.7290055575E-01
         263.66    0.3828390093E-01    0.3525504420E-01    0.7353894513E-01    0.7290172711E-01
         264.14    0.5035583332E-01    0.2322069005E-01    0.7357652336E-01    0.7290296300E-01
         264.63    0.5955650472E-01    0.1400988747E-01    0.7356639219E-01    0.7290417585E-01
         265.11    0.6604068723E-01    0.7514124180E-02    0.7355481141E-01    0.7290536314E-01
         265.59    0.6999521763E-01    0.3561522122E-02    0.7355673976E-01    0.7290654962E-01
         266.08    0.7140153969E-01    0.2169286296E-02    0.7357082599E-01    0.7290775739E-01
         266.56    0.7004919000E-01    0.3541141291E-02    0.7359033129E-01    0.7290899618E-01
         267.04    0.6564047322E-01    0.7966719298E-02    0.7360719252E-01    0.7291026103E-01
         267.53    0.5792065717E-01    0.1568959392E-01    0.7361025109E-01    0.7291152684E-01
         268.01    0.4685464277E-01    0.2672383048E-01    0.7357847324E-01    0.7291273071E-01
         268.50    0.3294542907E-01    0.4052217009E-01    0.7346759916E-01    0.7291373047E-01
         268.98    0.1787502376E-01    0.5531496700E-01    0.7318999076E-01    0.7291422735E-01
         269.46    0.5687105366E-02    0.6693053511E-01    0.7261764047E-01    0.7291369487E-01
         269.95    0.4158806030E-02    0.6762401171E-01    0.7178281774E-01    0.7291166821E-01
         270.43    0.2266285576E-01    0.4900208301E-01    0.7166493877E-01    0.7290943793E-01
         270.92    0.5627796161E-01    0.1777218499E-01    0.7405014659E-01    0.7291147491E-01
         271.40    0.6838179437E-01    0.7093768743E-02    0.7547556311E-01    0.7291604547E-01
         271.88    0.4107475031E-01    0.3163814034E-01    0.7271289065E-01    0.7291568399E-01
         272.37    0.1105816565E-01    0.6044035885E-01    0.7149852450E-01    0.7291316683E-01
         272.85    0.1843821116E-02    0.7032204261E-01    0.7216586372E-01    0.7291184183E-01
         273.33    0.8874906457E-02    0.6404581334E-01    0.7292071980E-01    0.7291185754E-01
         273.82    0.2275159557E-01    0.5058673687E-01    0.7333833244E-01    0.7291261103E-01
         274.30    0.3769905721E-01    0.3582732578E-01    0.7352638299E-01    0.7291369352E-01
         274.79    0.5102656285E-01    0.2258101300E-01    0.7360757585E-01    0.7291491514E-01
         275.27    0.6156851841E-01    0.1207631263E-01    0.7364483104E-01    0.7291619795E-01
         275.75    0.6879376431E-01    0.4870603247E-02    0.7366436755E-01    0.7291751053E-01
         276.24    0.7242385604E-01    0.1252561151E-02    0.7367641719E-01    0.7291883961E-01
         276.72    0.7228723500E-01    0.1396927172E-02    0.7368416218E-01    0.7292017759E-01
         277.20    0.6827794519E-01    0.5408115715E-02    0.7368606091E-01    0.7292151421E-01
         277.69    0.6038298792E-01    0.1329154525E-01    0.7367453316E-01    0.7292282608E-01
         278.17    0.4879710242E-01    0.2483383969E-01    0.7363094211E-01    0.7292405759E-01
         278.66    0.3419744663E-01    0.3931685888E-01    0.7351430550E-01    0.7292508233E-01
         279.14    0.1833380435E-01    0.5490769846E-01    0.7324150280E-01    0.7292563072E-01
         279.62    0.5161944763E-02    0.6752117266E-01    0.7268311742E-01    0.7292521114E-01
         280.11    0.2300574789E-02    0.6953605316E-01    0.7183662795E-01    0.7292333103E-01
         280.59    0.1952025511E-01    0.5206297823E-01    0.7158323334E-01    0.7292102052E-01
         281.07    0.5399332357E-01    0.1984315432E-01    0.7383647789E-01    0.7292259618E-01
         281.56    0.7014996345E-01    0.5508861218E-02    0.7565882466E-01    0.7292729760E-01
         282.04    0.4490012503E-01    0.2810321627E-01    0.7300334131E-01    0.7292742804E-01
         282.53    0.1305408047E-01    0.5848204808E-01    0.7153612856E-01    0.7292504568E-01
         283.01    0.1440840877E-02    0.7067175803E-01    0.7211259891E-01    0.7292365688E-01
         283.49    0.7218632740E-02    0.6566475320E-01    0.7288338594E-01    0.7292358816E-01
         283.98    0.2093365605E-01    0.5240545547E-01    0.7333911152E-01    0.7292429603E-01
         284.46    0.3625113855E-01    0.3730442508E-01    0.7355556363E-01    0.7292536962E-01
         284.94    0.4999787464E-01    0.2364950031E-01    0.7364737495E-01    0.7292659543E-01
         285.43    0.6078124563E-01    0.1289919348E-01    0.7368043911E-01    0.7292787313E-01
         285.91    0.6808319914E-01    0.5603158483E-02    0.7368635762E-01    0.7292915652E-01
         286.40    0.7180577337E-01    0.1873573043E-02    0.7367934642E-01    0.7293042374E-01
         286.88    0.7206076744E-01    0.1604704098E-02    0.7366547154E-01    0.7293166328E-01
         287.36    0.6907516779E-01    0.4572192674E-02    0.7364736046E-01    0.7293286816E-01
         287.85    0.6314399340E-01    0.1048256688E-01    0.7362656028E-01    0.7293403402E-01
         288.33    0.5459682865E-01    0.1900632729E-01    0.7360315594E-01    0.7293515671E-01
         288.81    0.4378804490E-01    0.2978075444E-01    0.7356879934E-01    0.7293621809E-01
         289.30    0.3122120244E-01    0.4226505210E-01    0.7348625453E-01    0.7293713788E-01
         289.78    0.1810196502E-01    0.5515388982E-01    0.7325585484E-01    0.7293766997E-01
         290.27    0.7721104627E-02    0.6499553007E-01    0.7271663470E-01    0.7293730157E-01
         290.75    0.7295000777E-02    0.6459057768E-01    0.7188557846E-01    0.7293555162E-01
         291.23    0.2597008839E-01    0.4583730749E-01    0.7180739588E-01    0.7293367761E-01
         291.72    0.5813072984E-01    0.1611243011E-01    0.7424315995E-01    0.7293584922E-01
         292.20    0.6694904298E-01    0.8470149569E-02    0.7541919255E-01    0.7293996071E-01
         292.69    0.3783632327E-01    0.3475125541E-01    0.7258757868E-01    0.7293937826E-01
         293.17    0.8840208251E-02    0.6268666036E-01    0.7152686861E-01    0.7293704739E-01
         293.65    0.1614511281E-02    0.7065285092E-01    0.7226736220E-01    0.7293594412E-01
         294.14    0.1037464498E-01    0.6267169227E-01    0.7304633726E-01    0.7293612569E-01
         294.62    0.2523766923E-01    0.4823446433E-01    0.7347213355E-01    0.7293700583E-01
         295.10    0.4023979613E-01    0.3341173974E-01    0.7365153587E-01    0.7293817719E-01
         295.59    0.5277849986E-01    0.2092915300E-01    0.7370765285E-01    0.7293943656E-01
         296.07    0.6204349035E-01    0.1166771692E-01    0.7371120727E-01    0.7294069763E-01
         296.56    0.6800641598E-01    0.5692307247E-02    0.7369872323E-01    0.7294193421E-01
         297.04    0.7087230769E-01    0.2817988923E-02    0.7369029661E-01    0.7294315304E-01
         297.52    0.7077167276E-01    0.2925143894E-02    0.7369681665E-01    0.7294437851E-01
         298.01    0.6759785802E-01    0.6121020557E-02    0.7371887858E-01    0.7294563582E-01
         298.49    0.6100808743E-01    0.1273377544E-01    0.7374186286E-01    0.7294692630E-01
         298.97    0.5065476345E-01    0.2307819889E-01    0.7373296234E-01    0.7294819820E-01
         299.46    0.3668106744E-01    0.3695853776E-01    0.7363960519E-01    0.7294931517E-01
         299.94    0.2049398226E-01    0.5288307864E-01    0.7337706090E-01    0.7295000509E-01
         300.43    0.5943103999E-02    0.6687063860E-01    0.7281374260E-01    0.7294978566E-01
         300.91    0.8509143137E-03    0.7105600571E-01    0.7190692003E-01    0.7294810903E-01
         301.39    0.1609027107E-01    0.5536478266E-01    0.7145505373E-01    0.7294571247E-01
         301.88    0.5148800644E-01    0.2212659275E-01    0.7361459919E-01    0.7294678441E-01
         302.36    0.7159965954E-01    0.4298939887E-02    0.7589859943E-01    0.7295150731E-01
         302.84    0.4744400894E-01    0.2574979872E-01    0.7319380765E-01    0.7295189437E-01
         303.33    0.1393784956E-01    0.5755776278E-01    0.7149561234E-01    0.7294957175E-01
         303.81    0.1367914006E-02    0.7074530531E-01    0.7211321932E-01    0.7294823998E-01
         304.30    0.7008662000E-02    0.6594455327E-01    0.7295321527E-01    0.7294824789E-01
         304.78    0.2062284912E-01    0.5280511537E-01    0.7342796448E-01    0.7294900935E-01
         305.26    0.3563574000E-01    0.3799862621E-01    0.7363436621E-01    0.7295009549E-01
         305.75    0.4903837556E-01    0.2467274563E-01    0.7371112119E-01    0.7295129964E-01
         306.23    0.5968112408E-01    0.1405382420E-01    0.7373494828E-01    0.7295253764E-01
         306.71    0.6720209161E-01    0.6536893471E-02    0.7373898508E-01    0.7295377809E-01
         307.20    0.7154212308E-01    0.2193524033E-02    0.7373564711E-01    0.7295500938E-01
         307.68    0.7275762086E-01    0.9725171666E-03    0.7373013803E-01    0.7295622813E-01
         308.17    0.7094050291E-01    0.2785553657E-02    0.7372605657E-01    0.7295743666E-01
         308.65    0.6616381319E-01    0.7561212757E-02    0.7372502595E-01    0.7295863977E-01
         309.13    0.5845798795E-01    0.1526468852E-01    0.7372267647E-01    0.7295983545E-01
         309.62    0.4787696213E-01    0.2582516230E-01    0.7370212443E-01    0.7296099528E-01
         310.10    0.3475017540E-01    0.3887244545E-01    0.7362262085E-01    0.7296202745E-01
         310.58    0.2027843388E-01    0.5312133095E-01    0.7339976483E-01    0.7296270929E-01
         311.07    0.7705675422E-02    0.6518939495E-01    0.7289507037E-01    0.7296260409E-01
         311.55    0.3962618663E-02    0.6809133867E-01    0.7205395733E-01    0.7296119315E-01
         312.04    0.1900459101E-01    0.5260845663E-01    0.7161304764E-01    0.7295910300E-01
         312.52    0.5273459788E-01    0.2088101242E-01    0.7361561029E-01    0.7296011927E-01
         313.00    0.7180482599E-01    0.4059818714E-02    0.7586464471E-01    0.7296460849E-01
         313.49    0.4761296795E-01    0.2568003047E-01    0.7329299842E-01    0.7296511526E-01
         313.97    0.1345443814E-01    0.5805406301E-01    0.7150850114E-01    0.7296287087E-01
         314.45    0.3445381592E-03    0.7172974131E-01    0.7207427947E-01    0.7296150380E-01
         314.94    0.6258042896E-02    0.6668586527E-01    0.7294390817E-01    0.7296147677E-01
         315.42    0.2060423043E-01    0.5286074563E-01    0.7346497606E-01    0.7296224901E-01
         315.91    0.3619068550E-01    0.3750810408E-01    0.7369878958E-01    0.7296337695E-01
         316.39    0.4966254271E-01    0.2411477027E-01    0.7377731298E-01    0.7296462150E-01
         316.87    0.5990707344E-01    0.1388085190E-01    0.7378792534E-01    0.7296587845E-01
         317.36    0.6682604681E-01    0.6953948001E-02    0.7377999481E-01    0.7296711948E-01
         317.84    0.7060431848E-01    0.3172806543E-02    0.7377712503E-01    0.7296835237E-01
         318.33    0.7134678814E-01    0.2439114919E-02    0.7378590306E-01    0.7296959484E-01
         318.81    0.6897015360E-01    0.4832841449E-02    0.7380299505E-01    0.7297085949E-01
         319.29    0.6325055218E-01    0.1056827429E-01    0.7381882647E-01    0.7297214429E-01
         319.78    0.5397221688E-01    0.1984349151E-01    0.7381570839E-01    0.7297342048E-01
         320.26    0.4120067871E-01    0.3255778025E-01    0.7375845896E-01    0.7297460634E-01
         320.74    0.2580962007E-01    0.4776547993E-01    0.7357510000E-01    0.7297551206E-01
         321.23    0.1050679004E-01    0.6262969665E-01    0.7313648669E-01    0.7297575449E-01
         321.71    0.1481697086E-02    0.7084358655E-01    0.7232528363E-01    0.7297477634E-01
         322.20    0.9056324879E-02    0.6249317988E-01    0.7154950476E-01    0.7297263629E-01
         322.68    0.3923397612E-01    0.3346495955E-01    0.7269893567E-01    0.7297222595E-01
         323.16    0.6876709984E-01    0.6907679816E-02    0.7567477966E-01    0.7297627169E-01
         323.65    0.5800828527E-01    0.1628534724E-01    0.7429363251E-01    0.7297824084E-01
         324.13    0.2413684798E-01    0.4767838422E-01    0.7181523220E-01    0.7297650500E-01
         324.61    0.5176268577E-02    0.6680886381E-01    0.7198513239E-01    0.7297502755E-01
         325.10    0.5815177914E-02    0.6702966944E-01    0.7284484736E-01    0.7297483383E-01
         325.58    0.1652476025E-01    0.5685794334E-01    0.7338270359E-01    0.7297543987E-01
         326.07    0.3014142815E-01    0.4347813233E-01    0.7361956047E-01    0.7297639554E-01
         326.55    0.4333962683E-01    0.3037793160E-01    0.7371755843E-01    0.7297749356E-01
         327.03    0.5473999002E-01    0.1902599012E-01    0.7376598014E-01    0.7297865996E-01
         327.52    0.6366710755E-01    0.1012964425E-01    0.7379675180E-01    0.7297986837E-01
         328.00    0.6968242117E-01    0.4136321842E-02    0.7381874301E-01    0.7298110565E-01
         328.48    0.7246098872E-01    0.1373186370E-02    0.7383417509E-01    0.7298236201E-01
         328.97    0.7177053248E-01    0.2072599872E-02    0.7384313235E-01    0.7298362785E-01
         329.45    0.6748013704E-01    0.6363268067E-02    0.7384340510E-01    0.7298489037E-01
         329.94    0.5959882163E-01    0.1422959588E-01    0.7382841751E-01    0.7298612721E-01
         330.42    0.4837415071E-01    0.2540884322E-01    0.7378299393E-01    0.7298729393E-01
         330.90    0.3451166834E-01    0.3916289260E-01    0.7367456094E-01    0.7298829870E-01
         331.39    0.1963585225E-01    0.5380080087E-01    0.7343665312E-01    0.7298895324E-01
         331.87    0.7188823977E-02    0.6576881466E-01    0.7295763863E-01    0.7298890759E-01
         332.35    0.3721594444E-02    0.6846798994E-01    0.7218958438E-01    0.7298774409E-01
         332.84    0.1832847043E-01    0.5342234095E-01    0.7175081137E-01    0.7298594622E-01
         333.32    0.5143106411E-01    0.2207770948E-01    0.7350877359E-01    0.7298670504E-01
         333.81    0.7276717916E-01    0.3122480332E-02    0.7588965949E-01    0.7299091222E-01
         334.29    0.5161947300E-01    0.2206543465E-01    0.7368490765E-01    0.7299191656E-01
         334.77    0.1650470557E-01    0.5518288188E-01    0.7168758744E-01    0.7299003169E-01
         335.26    0.5742004520E-03    0.7150971447E-01    0.7208391492E-01    0.7298872416E-01
         335.74    0.4458448337E-02    0.6847709419E-01    0.7293554253E-01    0.7298864753E-01
         336.22    0.1814679104E-01    0.5533561694E-01    0.7348240798E-01    0.7298935798E-01
         336.71    0.3418363668E-01    0.3956592167E-01    0.7374955834E-01    0.7299045022E-01
         337.19    0.4873030169E-01    0.2513271478E-01    0.7386301647E-01    0.7299170211E-01
         337.68    0.6012286817E-01    0.1378021944E-01    0.7390308761E-01    0.7299300782E-01
         338.16    0.6777667330E-01    0.6133308303E-02    0.7390998160E-01    0.7299431965E-01
         338.64    0.7160627160E-01    0.2296132244E-02    0.7390240385E-01    0.7299561692E-01
         339.13    0.7174658158E-01    0.2142155264E-02    0.7388873685E-01    0.7299689098E-01
         339.61    0.6842163606E-01    0.5451052048E-02    0.7387268810E-01    0.7299813856E-01
         340.10    0.6187992940E-01    0.1197542782E-01    0.7385535722E-01    0.7299935793E-01
         340.58    0.5236868102E-01    0.2146400710E-01    0.7383268812E-01    0.7300054164E-01
         341.06    0.4019132980E-01    0.3359216933E-01    0.7378349912E-01    0.7300165221E-01
         341.55    0.2603060852E-01    0.4761151413E-01    0.7364212264E-01    0.7300255940E-01
         342.03    0.1191064764E-01    0.6135626883E-01    0.7326691647E-01    0.7300293331E-01
         342.51    0.3085595097E-02    0.6941298323E-01    0.7249857833E-01    0.7300222094E-01
         343.00    0.9408683285E-02    0.6223880793E-01    0.7164749122E-01    0.7300031018E-01
         343.48    0.3826533497E-01    0.3429373394E-01    0.7255906892E-01    0.7299968872E-01
         343.97    0.6924631145E-01    0.6450214962E-02    0.7569652641E-01    0.7300348174E-01
         344.45    0.6009950842E-01    0.1453514931E-01    0.7463465774E-01    0.7300577272E-01
         344.93    0.2409578482E-01    0.4776494198E-01    0.7186072680E-01    0.7300416676E-01
         345.42    0.2766175184E-02    0.6912995455E-01    0.7189612974E-01    0.7300261489E-01
         345.90    0.3277590449E-02    0.6954765701E-01    0.7282524746E-01    0.7300236682E-01
         346.38    0.1549052045E-01    0.5797248448E-01    0.7346300493E-01    0.7300301017E-01
         346.87    0.3085309394E-01    0.4291078979E-01    0.7376388372E-01    0.7300407136E-01
         347.35    0.4505177223E-01    0.2882576923E-01    0.7387754147E-01    0.7300528789E-01
         347.84    0.5640994645E-01    0.1749572472E-01    0.7390567117E-01    0.7300654016E-01
         348.32    0.6451032532E-01    0.9389026174E-02    0.7389935150E-01    0.7300778018E-01
         348.80    0.6945214768E-01    0.4431027652E-02    0.7388317533E-01    0.7300899432E-01
         349.29    0.7147950295E-01    0.2390607728E-02    0.7387011068E-01    0.7301018700E-01
         349.77    0.7078115443E-01    0.3086411555E-02    0.7386756599E-01    0.7301137287E-01
         350.25    0.6737804428E-01    0.6499470201E-02    0.7387751448E-01    0.7301256919E-01
         350.74    0.6109922370E-01    0.1279358701E-01    0.7389281071E-01    0.7301378332E-01
         351.22    0.5169923940E-01    0.2219299674E-01    0.7389223615E-01    0.7301499331E-01
         351.71    0.3918415522E-01    0.3465088465E-01    0.7383503988E-01    0.7301612130E-01
         352.19    0.2441664849E-01    0.4923290673E-01    0.7364955522E-01    0.7301699140E-01
         352.67    0.1013226615E-01    0.6308365657E-01    0.7321592272E-01    0.7301726428E-01
         353.16    0.2448566465E-02    0.6997704276E-01    0.7242560923E-01    0.7301645380E-01
         353.64    0.1138423836E-01    0.6029226594E-01    0.7167650430E-01    0.7301462076E-01
         354.12    0.4250487362E-01    0.3034253289E-01    0.7284740652E-01    0.7301439232E-01
         354.61    0.7204525010E-01    0.3828476712E-02    0.7587372681E-01    0.7301829319E-01
         355.09    0.5968257895E-01    0.1476743974E-01    0.7445001869E-01    0.7302024377E-01
         355.58    0.2335347408E-01    0.4850187312E-01    0.7185534720E-01    0.7301865888E-01
         356.06    0.2888633377E-02    0.6910852950E-01    0.7199716288E-01    0.7301727097E-01
         356.54    0.3639627539E-02    0.6925865868E-01    0.7289828622E-01    0.7301710953E-01
         357.03    0.1559393321E-01    0.5790319117E-01    0.7349712438E-01    0.7301775996E-01
         357.51    0.3070651720E-01    0.4307067690E-01    0.7377719410E-01    0.7301878761E-01
         357.99    0.4496988237E-01    0.2891831858E-01    0.7388820094E-01    0.7301996249E-01
         358.48    0.5675112282E-01    0.1717802274E-01    0.7392914556E-01    0.7302118946E-01
         358.96    0.6544346454E-01    0.8502837809E-02    0.7394630235E-01    0.7302243624E-01
         359.45    0.7080053012E-01    0.3155156641E-02    0.7395568676E-01    0.7302369230E-01
         359.93    0.7270123858E-01    0.1258847624E-02    0.7396008620E-01    0.7302495089E-01
         360.41    0.7110741289E-01    0.2852616000E-02    0.7396002889E-01    0.7302620603E-01
         360.90    0.6605512006E-01    0.7901985548E-02    0.7395710561E-01    0.7302745388E-01
         361.38    0.5763143096E-01    0.1631739705E-01    0.7394882801E-01    0.7302868732E-01
         361.87    0.4601115906E-01    0.2790619310E-01    0.7391735216E-01    0.7302987537E-01
         362.35    0.3171839035E-01    0.4209433223E-01    0.7381272259E-01    0.7303092056E-01
         362.83    0.1634770867E-01    0.5718149027E-01    0.7352919894E-01    0.7303158493E-01
         363.32    0.4009720680E-02    0.6889640126E-01    0.7290612195E-01    0.7303141787E-01
         363.80    0.3119109970E-02    0.6884397269E-01    0.7196308266E-01    0.7302999721E-01
         364.28    0.2412581516E-01    0.4773440077E-01    0.7186021592E-01    0.7302844372E-01
         364.77    0.6072273555E-01    0.1393082358E-01    0.7465355913E-01    0.7303059904E-01
         365.25    0.7075549597E-01    0.5140090662E-02    0.7589558663E-01    0.7303439373E-01
         365.74    0.3880309139E-01    0.3386990519E-01    0.7267299658E-01    0.7303391569E-01
         366.22    0.8186185813E-02    0.6347398342E-01    0.7166016923E-01    0.7303210097E-01
         366.70    0.1077857858E-02    0.7143937399E-01    0.7251723185E-01    0.7303142172E-01
         367.19    0.1029081507E-01    0.6304567883E-01    0.7333649389E-01    0.7303182366E-01
         367.67    0.2529297078E-01    0.4847327088E-01    0.7376624166E-01    0.7303279000E-01
         368.15    0.4001775011E-01    0.3391365218E-01    0.7393140229E-01    0.7303397083E-01
         368.64    0.5206141394E-01    0.2190382493E-01    0.7396523887E-01    0.7303519297E-01
         369.12    0.6095588264E-01    0.1299716084E-01    0.7395304348E-01    0.7303639592E-01
         369.61    0.6694257475E-01    0.6997404616E-02    0.7393997937E-01    0.7303757862E-01
         370.09    0.7028915639E-01    0.3652613084E-02    0.7394176948E-01    0.7303876057E-01
         370.57    0.7103385973E-01    0.2923461650E-02    0.7395732138E-01    0.7303995973E-01
         371.06    0.6898930074E-01    0.4989811581E-02    0.7397911232E-01    0.7304118418E-01
         371.54    0.6385554458E-01    0.1014187548E-01    0.7399742006E-01    0.7304242928E-01
         372.02    0.5537425055E-01    0.1862398029E-01    0.7399823084E-01    0.7304367219E-01
         372.51    0.4354817896E-01    0.3040687909E-01    0.7395505805E-01    0.7304485581E-01
         372.99    0.2903945788E-01    0.4477341393E-01    0.7381287181E-01    0.7304585194E-01
         373.48    0.1395894102E-01    0.5950743830E-01    0.7346637931E-01    0.7304639667E-01
         373.96    0.3253791256E-02    0.6952824791E-01    0.7278203917E-01    0.7304605468E-01
         374.44    0.5943914557E-02    0.6596677057E-01    0.7191068513E-01    0.7304458779E-01
         374.93    0.3079236319E-01    0.4145213440E-01    0.7224449758E-01    0.7304355542E-01
         375.41    0.6550183917E-01    0.9670419055E-02    0.7517225822E-01    0.7304629859E-01
         375.89    0.6808361944E-01    0.7368807627E-02    0.7545242707E-01    0.7304939528E-01
         376.38    0.3502191791E-01    0.3744505785E-01    0.7246697575E-01    0.7304864667E-01
         376.86    0.8068231197E-02    0.6383578571E-01    0.7190401691E-01    0.7304717731E-01
         377.35    0.2755391062E-02    0.6997569932E-01    0.7273109038E-01    0.7304677207E-01
         377.83    0.1143141294E-01    0.6198491266E-01    0.7341632560E-01    0.7304724525E-01
         378.31    0.2533072049E-01    0.4843346344E-01    0.7376418393E-01    0.7304816205E-01
         378.80    0.3965773032E-01    0.3426012882E-01    0.7391785915E-01    0.7304927278E-01
         379.28    0.5226805212E-01    0.2171957542E-01    0.7398762754E-01    0.7305046966E-01
         379.76    0.6220789076E-01    0.1181579393E-01    0.7402368469E-01    0.7305170942E-01
         380.25    0.6899524468E-01    0.5049995321E-02    0.7404524000E-01    0.7305297346E-01
         380.73    0.7234240667E-01    0.1717025078E-02    0.7405943175E-01    0.7305425231E-01
         381.22    0.7205858739E-01    0.2009836994E-02    0.7406842438E-01    0.7305553933E-01
         381.70    0.6802548714E-01    0.6045267285E-02    0.7407075442E-01    0.7305682604E-01
         382.18    0.6022393644E-01    0.1383582299E-01    0.7405975943E-01    0.7305809558E-01
         382.67    0.4883421283E-01    0.2518464753E-01    0.7401886036E-01    0.7305931020E-01
         383.15    0.3447852706E-01    0.3943229316E-01    0.7391082023E-01    0.7306038534E-01
         383.64    0.1875583342E-01    0.5490115383E-01    0.7365698725E-01    0.7306113767E-01
         384.12    0.5321384485E-02    0.6780146462E-01    0.7312284910E-01    0.7306121540E-01
         384.60    0.1470049355E-02    0.7078170246E-01    0.7225175181E-01    0.7306019720E-01
         385.09    0.1748562822E-01    0.5430383385E-01    0.7178946207E-01    0.7305860080E-01
         385.57    0.5331134042E-01    0.2054996529E-01    0.7386130571E-01    0.7305960796E-01
         386.05    0.7428105046E-01    0.1950288568E-02    0.7623133903E-01    0.7306358256E-01
         386.54    0.5015029346E-01    0.2344686009E-01    0.7359715356E-01    0.7306425036E-01
         387.02    0.1497268318E-01    0.5680597398E-01    0.7177865715E-01    0.7306264337E-01
         387.51    0.6569761500E-03    0.7168567080E-01    0.7234264695E-01    0.7306174450E-01
         387.99    0.5512603896E-02    0.6768553059E-01    0.7319813448E-01    0.7306191456E-01
         388.47    0.1928469130E-01    0.5442460229E-01    0.7370929359E-01    0.7306272076E-01
         388.96    0.3497708007E-01    0.3897356073E-01    0.7395064080E-01    0.7306382514E-01
         389.44    0.4912422820E-01    0.2492769594E-01    0.7405192414E-01    0.7306505259E-01
         389.92    0.6024245030E-01    0.1384559162E-01    0.7408804192E-01    0.7306632181E-01
         390.41    0.6780098021E-01    0.6293675603E-02    0.7409465582E-01    0.7306759607E-01
         390.89    0.7170936274E-01    0.2378320601E-02    0.7408768334E-01    0.7306885856E-01
         391.38    0.7208260610E-01    0.1991234623E-02    0.7407384072E-01    0.7307010081E-01
         391.86    0.6913721773E-01    0.4918625392E-02    0.7405584313E-01    0.7307131778E-01
         392.34    0.6314291895E-01    0.1089184622E-01    0.7403476517E-01    0.7307250575E-01
         392.83    0.5439677525E-01    0.1961258598E-01    0.7400936123E-01    0.7307365951E-01
         393.31    0.4323454042E-01    0.3073426590E-01    0.7396880632E-01    0.7307476056E-01
         393.79    0.3019367113E-01    0.4367880392E-01    0.7387247504E-01    0.7307574055E-01
         394.28    0.1661769531E-01    0.5699943672E-01    0.7361713204E-01    0.7307640483E-01
         394.76    0.6090103314E-02    0.6694824581E-01    0.7303834912E-01    0.7307635820E-01
         395.25    0.6302887117E-02    0.6585564633E-01    0.7215853345E-01    0.7307523479E-01
         395.73    0.2685891274E-01    0.4523742410E-01    0.7209633684E-01    0.7307403809E-01
         396.21    0.6136596066E-01    0.1335831276E-01    0.7472427342E-01    0.7307605303E-01
         396.70    0.7024799927E-01    0.5629368324E-02    0.7587736760E-01    0.7307946927E-01
         397.18    0.3924345664E-01    0.3361797189E-01    0.7286142853E-01    0.7307920369E-01
         397.66    0.9134779114E-02    0.6271797578E-01    0.7185275489E-01    0.7307771166E-01
         398.15    0.1593212702E-02    0.7105838316E-01    0.7265159586E-01    0.7307719390E-01
         398.63    0.1019649092E-01    0.6324648411E-01    0.7344297503E-01    0.7307763781E-01
         399.12    0.2490249760E-01    0.4896457382E-01    0.7386707141E-01    0.7307859470E-01
         399.60    0.3977640792E-01    0.3426758040E-01    0.7404398833E-01    0.7307976345E-01
         400.08    0.5224757181E-01    0.2185095987E-01    0.7409853168E-01    0.7308099534E-01
         400.57    0.6151538045E-01    0.1258498288E-01    0.7410036333E-01    0.7308222646E-01
         401.05    0.6755757922E-01    0.6527076921E-02    0.7408465614E-01    0.7308343566E-01
         401.53    0.7060447416E-01    0.3466162712E-02    0.7407063687E-01    0.7308462506E-01
         402.02    0.7084511188E-01    0.3224665244E-02    0.7406977712E-01    0.7308581056E-01
         402.50    0.6825588741E-01    0.5829989015E-02    0.7408587642E-01    0.7308701257E-01
         402.99    0.6255462152E-01    0.1155568211E-01    0.7411030363E-01    0.7308824101E-01
         403.47    0.5334700432E-01    0.2077043947E-01    0.7411744379E-01    0.7308947506E-01
         403.95    0.4052251975E-01    0.3353999580E-01    0.7406251555E-01    0.7309064038E-01
         404.44    0.2492143247E-01    0.4895106716E-01    0.7387249964E-01    0.7309157562E-01
         404.92    0.9375053019E-02    0.6404856428E-01    0.7342361730E-01    0.7309197232E-01
         405.41    0.2791995676E-03    0.7230877889E-01    0.7258797846E-01    0.7309137090E-01
         405.89    0.8373354329E-02    0.6336386215E-01    0.7173721648E-01    0.7308975689E-01
         406.37    0.4051484468E-01    0.3235619952E-01    0.7287104420E-01    0.7308949652E-01
         406.86    0.7270621911E-01    0.3462769192E-02    0.7616898830E-01    0.7309315822E-01
         407.34    0.6095600655E-01    0.1376234278E-01    0.7471834933E-01    0.7309508837E-01
         407.82    0.2333357645E-01    0.4861631125E-01    0.7194988770E-01    0.7309372989E-01
         408.31    0.2305433403E-02    0.6982635929E-01    0.7213179270E-01    0.7309259016E-01
         408.79    0.3264034067E-02    0.6982059112E-01    0.7308462518E-01    0.7309258073E-01
         409.28    0.1559354931E-01    0.5810658875E-01    0.7370013805E-01    0.7309329888E-01
         409.76    0.3099350668E-01    0.4298915632E-01    0.7398266300E-01    0.7309434890E-01
         410.24    0.4538975565E-01    0.2870323019E-01    0.7409298584E-01    0.7309552654E-01
         410.73    0.5713293549E-01    0.1699763351E-01    0.7413056900E-01    0.7309674567E-01
         411.21    0.6564713665E-01    0.8492375239E-02    0.7413951189E-01    0.7309797245E-01
         411.69    0.7079622231E-01    0.3340213243E-02    0.7413643556E-01    0.7309919274E-01
         412.18    0.7263785934E-01    0.1490846371E-02    0.7412870571E-01    0.7310040109E-01
         412.66    0.7131154756E-01    0.2810577938E-02    0.7412212549E-01    0.7310159889E-01
         413.15    0.6694955914E-01    0.7170910462E-02    0.7412046960E-01    0.7310279194E-01
         413.63    0.5961730875E-01    0.1450357488E-01    0.7412088363E-01    0.7310398270E-01
         414.11    0.4935176441E-01    0.2475596600E-01    0.7410773041E-01    0.7310515530E-01
         414.60    0.3639055395E-01    0.3765215820E-01    0.7404271215E-01    0.7310624930E-01
         415.08    0.2173180520E-01    0.5211442407E-01    0.7384622927E-01    0.7310711174E-01
         415.56    0.8252457684E-02    0.6512781973E-01    0.7338027742E-01    0.7310742975E-01
         416.05    0.2421245508E-02    0.7012217194E-01    0.7254341745E-01    0.7310677392E-01
         416.53    0.1451239617E-01    0.5736905669E-01    0.7188145287E-01    0.7310535078E-01
         417.02    0.4801081283E-01    0.2545077212E-01    0.7346158495E-01    0.7310576405E-01
         417.50    0.7388081689E-01    0.2404302367E-02    0.7628511925E-01    0.7310944812E-01
         417.98    0.5534412394E-01    0.1883990991E-01    0.7418403385E-01    0.7311069185E-01
         418.47    0.1908309550E-01    0.5283026958E-01    0.7191336508E-01    0.7310930766E-01
         418.95    0.1949747657E-02    0.7035602019E-01    0.7230576784E-01    0.7310837979E-01
         419.43    0.5318771698E-02    0.6790120226E-01    0.7321997396E-01    0.7310850850E-01
         419.92    0.1847311930E-01    0.5531841795E-01    0.7379153725E-01    0.7310929540E-01
         420.40    0.3360274208E-01    0.4044502218E-01    0.7404776426E-01    0.7311037534E-01
         420.89    0.4703300743E-01    0.2709945370E-01    0.7413246112E-01    0.7311155015E-01
         421.37    0.5755326334E-01    0.1659178051E-01    0.7414504385E-01    0.7311273671E-01
         421.85    0.6503410245E-01    0.9105726174E-02    0.7413982862E-01    0.7311391457E-01
         422.34    0.6962359216E-01    0.4516709781E-02    0.7414030194E-01    0.7311509027E-01
         422.82    0.7138215669E-01    0.2769562467E-02    0.7415171916E-01    0.7311627634E-01
         423.30    0.7019178352E-01    0.3978902945E-02    0.7417068646E-01    0.7311748138E-01
         423.79    0.6580392596E-01    0.8385921856E-02    0.7418984782E-01    0.7311870555E-01
         424.27    0.5795457202E-01    0.1624248092E-01    0.7419705293E-01    0.7311993513E-01
         424.76    0.4655416054E-01    0.2761438441E-01    0.7416854495E-01    0.7312112945E-01
         425.24    0.3204736021E-01    0.4200645578E-01    0.7405381599E-01    0.7312219053E-01
         425.72    0.1614825414E-01    0.5760283908E-01    0.7375109322E-01    0.7312290519E-01
         426.21    0.3224377992E-02    0.6988276423E-01    0.7310714223E-01    0.7312288730E-01
         426.69    0.1967760481E-02    0.7018227607E-01    0.7215003655E-01    0.7312178429E-01
         427.17    0.2301089107E-01    0.4902330890E-01    0.7203419997E-01    0.7312055260E-01
         427.66    0.6023316410E-01    0.1456402043E-01    0.7479718452E-01    0.7312244924E-01
         428.14    0.7173533158E-01    0.4351102192E-02    0.7608643378E-01    0.7312579838E-01
         428.63    0.4132705149E-01    0.3162889963E-01    0.7295595112E-01    0.7312560668E-01
         429.11    0.1103317994E-01    0.6092137287E-01    0.7195455281E-01    0.7312428643E-01
         429.59    0.2795678183E-02    0.6997543781E-01    0.7277111599E-01    0.7312388872E-01
         430.08    0.1009051558E-01    0.6343585577E-01    0.7352637135E-01    0.7312434146E-01
         430.56    0.2344847179E-01    0.5045960871E-01    0.7390808050E-01    0.7312522206E-01
         431.05    0.3763596486E-01    0.3643581407E-01    0.7407177893E-01    0.7312628442E-01
         431.53    0.5037430696E-01    0.2377094304E-01    0.7414525001E-01    0.7312742675E-01
         432.01    0.6066282519E-01    0.1352158115E-01    0.7418440635E-01    0.7312861038E-01
         432.50    0.6797696387E-01    0.6231767815E-02    0.7420873168E-01    0.7312981857E-01
         432.98    0.7198668966E-01    0.2238018181E-02    0.7422470784E-01    0.7313104191E-01
         433.46    0.7247078417E-01    0.1763497293E-02    0.7423428146E-01    0.7313227320E-01
         433.95    0.6929761855E-01    0.4938902217E-02    0.7423652076E-01    0.7313350425E-01
         434.43    0.6244504843E-01    0.1178149968E-01    0.7422654811E-01    0.7313472145E-01
         434.92    0.5207448332E-01    0.2211783908E-01    0.7419232240E-01    0.7313589787E-01
         435.40    0.3870566726E-01    0.3540181188E-01    0.7410747914E-01    0.7313697740E-01
         435.88    0.2359292846E-01    0.5032353620E-01    0.7391646465E-01    0.7313784254E-01
         436.37    0.9494550029E-02    0.6402049978E-01    0.7351504981E-01    0.7313826073E-01
         436.85    0.1984172581E-02    0.7080953011E-01    0.7279370269E-01    0.7313787916E-01
         437.33    0.1015904748E-01    0.6188686597E-01    0.7204591345E-01    0.7313667123E-01
         437.82    0.4005701513E-01    0.3286299628E-01    0.7292001141E-01    0.7313643183E-01
         438.30    0.7187922138E-01    0.4050903666E-02    0.7593012504E-01    0.7313951537E-01
         438.79    0.6441395054E-01    0.1070672933E-01    0.7512067986E-01    0.7314169968E-01
         439.27    0.2793803196E-01    0.4437687402E-01    0.7231490597E-01    0.7314078911E-01
         439.75    0.3970250807E-02    0.6819779739E-01    0.7216804819E-01    0.7313971899E-01
         440.24    0.2160260332E-02    0.7088424852E-01    0.7304450885E-01    0.7313961436E-01
         440.72    0.1339348843E-01    0.6031171303E-01    0.7370520146E-01    0.7314023521E-01
         441.20    0.2895389933E-01    0.4509207205E-01    0.7404597138E-01    0.7314122834E-01
         441.69    0.4401300161E-01    0.3018301671E-01    0.7419601832E-01    0.7314238364E-01
         442.17    0.5637902250E-01    0.1787332749E-01    0.7425234999E-01    0.7314359804E-01
         442.66    0.6521963292E-01    0.9045730946E-02    0.7426536386E-01    0.7314482402E-01
         443.14    0.7034701410E-01    0.3911710847E-02    0.7425872495E-01    0.7314604007E-01
         443.62    0.7186964362E-01    0.2373575426E-02    0.7424321905E-01    0.7314723655E-01
         444.11    0.7002669756E-01    0.4197487778E-02    0.7422418534E-01    0.7314840970E-01
         444.59    0.6509941051E-01    0.9105815936E-02    0.7420522644E-01    0.7314955967E-01
         445.07    0.5734716859E-01    0.1684114516E-01    0.7418831375E-01    0.7315068875E-01
         445.56    0.4697293827E-01    0.2719382485E-01    0.7416676312E-01    0.7315179198E-01
         446.04    0.3423147198E-01    0.3987317349E-01    0.7410464547E-01    0.7315282544E-01
         446.53    0.1998012480E-01    0.5392194974E-01    0.7390207455E-01    0.7315363719E-01
         447.01    0.7107587676E-02    0.6627355918E-01    0.7338114685E-01    0.7315388342E-01
         447.49    0.2746727744E-02    0.6970702196E-01    0.7245374971E-01    0.7315312651E-01
         447.98    0.1796830911E-01    0.5395430913E-01    0.7192261824E-01    0.7315179767E-01
         448.46    0.5340970260E-01    0.2066985206E-01    0.7407955467E-01    0.7315279849E-01
         448.94    0.7322740481E-01    0.3211759526E-02    0.7643916434E-01    0.7315633983E-01
         449.43    0.4758656921E-01    0.2602567500E-01    0.7361224422E-01    0.7315683058E-01
         449.91    0.1309773684E-01    0.5879969156E-01    0.7189742841E-01    0.7315547638E-01
         450.40    0.8297427013E-03    0.7175866900E-01    0.7258841170E-01    0.7315486729E-01
         450.88    0.7335755483E-02    0.6614616940E-01    0.7348192488E-01    0.7315521821E-01
         451.36    0.2168744062E-01    0.5229375888E-01    0.7398119950E-01    0.7315610351E-01
         451.85    0.3698236882E-01    0.3720983578E-01    0.7419220460E-01    0.7315721282E-01
         452.33    0.5016662084E-01    0.2409361977E-01    0.7426024062E-01    0.7315839253E-01
         452.82    0.6023743491E-01    0.1403064404E-01    0.7426807895E-01    0.7315957809E-01
         453.30    0.6707904575E-01    0.7177160351E-02    0.7425620610E-01    0.7316074846E-01
         453.78    0.7086444305E-01    0.3380093266E-02    0.7424453632E-01    0.7316190388E-01
         454.27    0.7175507016E-01    0.2487638908E-02    0.7424270907E-01    0.7316305490E-01
         454.75    0.6975757330E-01    0.4495145311E-02    0.7425271861E-01    0.7316421411E-01
         455.23    0.6470057540E-01    0.9567408024E-02    0.7426798343E-01    0.7316538709E-01
         455.72    0.5634252486E-01    0.1792944210E-01    0.7427196696E-01    0.7316656180E-01
         456.20    0.4462622178E-01    0.2960967407E-01    0.7423589585E-01    0.7316769577E-01
         456.69    0.3010892324E-01    0.4399991008E-01    0.7410883332E-01    0.7316869274E-01
         457.17    0.1469744666E-01    0.5909686382E-01    0.7379431048E-01    0.7316935477E-01
         457.65    0.2940140096E-02    0.7020957221E-01    0.7314971231E-01    0.7316933400E-01
         458.14    0.3503945905E-02    0.6872607386E-01    0.7223001977E-01    0.7316834212E-01
         458.62    0.2633830915E-01    0.4590423886E-01    0.7224254802E-01    0.7316736554E-01
         459.10    0.6346950327E-01    0.1162125510E-01    0.7509075837E-01    0.7316939230E-01
         459.59    0.7235749348E-01    0.3772834273E-02    0.7613032776E-01    0.7317250908E-01
         460.07    0.4004327640E-01    0.3292309312E-01    0.7296636952E-01    0.7317229232E-01
         460.56    0.9538897948E-02    0.6250721075E-01    0.7204610869E-01    0.7317110935E-01
         461.04    0.1797157479E-02    0.7107684419E-01    0.7287400167E-01    0.7317079759E-01
         461.52    0.9961106634E-02    0.6368008682E-01    0.7364119346E-01    0.7317129067E-01
         462.01    0.2427322225E-01    0.4976819637E-01    0.7404141862E-01    0.7317220180E-01
         462.49    0.3911325859E-01    0.3509789248E-01    0.7421115107E-01    0.7317328856E-01
         462.97    0.5198800303E-01    0.2228671242E-01    0.7427471545E-01    0.7317443948E-01
         463.46    0.6193638343E-01    0.1235904897E-01    0.7429543240E-01    0.7317560962E-01
         463.94    0.6863909629E-01    0.5660245092E-02    0.7429934138E-01    0.7317678139E-01
         464.43    0.7203932540E-01    0.2257052023E-02    0.7429637742E-01    0.7317794764E-01
         464.91    0.7219419720E-01    0.2097850060E-02    0.7429204726E-01    0.7317910695E-01
         465.39    0.6919080324E-01    0.5099889967E-02    0.7429069321E-01    0.7318026245E-01
         465.88    0.6307948481E-01    0.1121323915E-01    0.7429272395E-01    0.7318141765E-01
         466.36    0.5386518435E-01    0.2042352413E-01    0.7428870848E-01    0.7318256629E-01
         466.84    0.4164514632E-01    0.3260513271E-01    0.7425027903E-01    0.7318367273E-01
         467.33    0.2702586983E-01    0.4708743097E-01    0.7411330080E-01    0.7318463508E-01
         467.81    0.1204295330E-01    0.6171015591E-01    0.7375310922E-01    0.7318522295E-01
         468.30    0.1815059598E-02    0.7119508944E-01    0.7301014904E-01    0.7318504209E-01
         468.78    0.6035262587E-02    0.6603512235E-01    0.7207038493E-01    0.7318389177E-01
         469.26    0.3373009422E-01    0.3887120672E-01    0.7260130093E-01    0.7318329116E-01
         469.75    0.6890547770E-01    0.6974026338E-02    0.7587950404E-01    0.7318606790E-01
         470.23    0.6582554926E-01    0.9695135637E-02    0.7552068490E-01    0.7318846977E-01
         470.71    0.2899127589E-01    0.4335671953E-01    0.7234799542E-01    0.7318760597E-01
         471.20    0.4083351382E-02    0.6803732701E-01    0.7212067839E-01    0.7318651057E-01
         471.68    0.2719681507E-02    0.7039092230E-01    0.7311060381E-01    0.7318643271E-01
         472.17    0.1454966592E-01    0.5928898861E-01    0.7383865453E-01    0.7318710097E-01
         472.65    0.2988559799E-01    0.4429258935E-01    0.7417818734E-01    0.7318811539E-01
         473.13    0.4389224697E-01    0.3039559524E-01    0.7428784222E-01    0.7318923986E-01
         473.62    0.5498882764E-01    0.1931095661E-01    0.7429978425E-01    0.7319037422E-01
         474.10    0.6305470626E-01    0.1123482262E-01    0.7428952888E-01    0.7319149581E-01
         474.59    0.6832115202E-01    0.5967146151E-02    0.7428829817E-01    0.7319261385E-01
         475.07    0.7088440598E-01    0.3416772691E-02    0.7430117868E-01    0.7319374274E-01
         475.55    0.7061125479E-01    0.3711355413E-02    0.7432261020E-01    0.7319489113E-01
         476.04    0.6721821291E-01    0.7126007001E-02    0.7434421991E-01    0.7319605915E-01
         476.52    0.6040358455E-01    0.1395160144E-01    0.7435518599E-01    0.7319723592E-01
         477.00    0.5001954972E-01    0.2431717068E-01    0.7433672039E-01    0.7319839159E-01
         477.49    0.3635981492E-01    0.3789023338E-01    0.7425004830E-01    0.7319945710E-01
         477.97    0.2072837392E-01    0.5328774680E-01    0.7401612071E-01    0.7320028368E-01
         478.46    0.6534807856E-02    0.6696794600E-01    0.7350275386E-01    0.7320058951E-01
         478.94    0.8765028558E-03    0.7176426510E-01    0.7264076795E-01    0.7320002404E-01
         479.42    0.1420514578E-01    0.5785971392E-01    0.7206485970E-01    0.7319887856E-01
         479.91    0.4862400454E-01    0.2517866781E-01    0.7380267234E-01    0.7319948723E-01
         480.39    0.7352141203E-01    0.2877049073E-02    0.7639846111E-01    0.7320270875E-01
         480.87    0.5509956095E-01    0.1914249936E-01    0.7424206031E-01    0.7320375438E-01
         481.36    0.2088362245E-01    0.5134651103E-01    0.7223013348E-01    0.7320277586E-01
         481.84    0.4436789171E-02    0.6819666873E-01    0.7263345790E-01    0.7320220426E-01
         482.33    0.6606017974E-02    0.6683909489E-01    0.7344511286E-01    0.7320244790E-01
         482.81    0.1807422939E-01    0.5586464878E-01    0.7393887817E-01    0.7320318580E-01
         483.29    0.3224862923E-01    0.4192636010E-01    0.7417498933E-01    0.7320415858E-01
         483.78    0.4583409109E-01    0.2845078923E-01    0.7428488032E-01    0.7320523930E-01
