 #        Time[fs] E-potential           E-kinetic     E-Total    E-Total-Avg
           0.48    0.4530092437E-01    0.2698307344E-01    0.7228399781E-01    0.7228399781E-01
           0.97    0.1228980735E-01    0.5843369500E-01    0.7072350235E-01    0.7150375008E-01
           1.45    0.7497210808E-03    0.7065822927E-01    0.7140795035E-01    0.7147181683E-01
           1.94    0.7094057014E-02    0.6516510510E-01    0.7225916211E-01    0.7166865315E-01
           2.42    0.2096923400E-01    0.5176273772E-01    0.7273197172E-01    0.7188131687E-01
           2.90    0.3587679009E-01    0.3705515747E-01    0.7293194756E-01    0.7205642198E-01
           3.39    0.4893481852E-01    0.2406417492E-01    0.7299899344E-01    0.7219107505E-01
           3.87    0.5915553149E-01    0.1385694948E-01    0.7301248097E-01    0.7229375079E-01
           4.35    0.6633852168E-01    0.6671043021E-02    0.7300956470E-01    0.7237328567E-01
           4.84    0.7052831736E-01    0.2477407751E-02    0.7300572511E-01    0.7243652961E-01
           5.32    0.7178309457E-01    0.1222971342E-02    0.7300606591E-01    0.7248830564E-01
           5.81    0.7009742700E-01    0.2913154319E-02    0.7301058132E-01    0.7253182861E-01
           6.29    0.6540260644E-01    0.7613146031E-02    0.7301575247E-01    0.7256905352E-01
           6.77    0.5762049290E-01    0.1539260397E-01    0.7301309686E-01    0.7260077091E-01
           7.26    0.4679124471E-01    0.2619247722E-01    0.7298372194E-01    0.7262630097E-01
           7.74    0.3335230947E-01    0.3953378310E-01    0.7288609257E-01    0.7264253795E-01
           8.22    0.1873477737E-01    0.5390022946E-01    0.7263500682E-01    0.7264209494E-01
           8.71    0.6517290837E-02    0.6557757935E-01    0.7209487018E-01    0.7261169357E-01
           9.19    0.3953057667E-02    0.6728904510E-01    0.7124210276E-01    0.7253960984E-01
           9.68    0.2071984786E-01    0.5019459144E-01    0.7091443930E-01    0.7245835131E-01
          10.16    0.5459829099E-01    0.1848134904E-01    0.7307964003E-01    0.7248793649E-01
          10.64    0.7045972872E-01    0.4506988602E-02    0.7496671732E-01    0.7260060835E-01
          11.13    0.4432999307E-01    0.2794088515E-01    0.7227087822E-01    0.7258627225E-01
          11.61    0.1165130524E-01    0.5911240436E-01    0.7076370959E-01    0.7251033214E-01
          12.09    0.1931793505E-03    0.7121204285E-01    0.7140522220E-01    0.7246612775E-01
          12.58    0.6626362061E-02    0.6561052811E-01    0.7223689017E-01    0.7245731092E-01
          13.06    0.2080980131E-01    0.5190310567E-01    0.7271290699E-01    0.7246677744E-01
          13.55    0.3618815686E-01    0.3673470725E-01    0.7292286411E-01    0.7248306625E-01
          14.03    0.4972568347E-01    0.2327473095E-01    0.7300041441E-01    0.7250090584E-01
          14.51    0.6027136662E-01    0.1275139889E-01    0.7302276550E-01    0.7251830116E-01
          15.00    0.6748509190E-01    0.5541107864E-02    0.7302619976E-01    0.7253468499E-01
          15.48    0.7130934579E-01    0.1716881585E-02    0.7302622738E-01    0.7255004569E-01
          15.96    0.7173914533E-01    0.1289307882E-02    0.7302845321E-01    0.7256454288E-01
          16.45    0.6873871033E-01    0.4294219306E-02    0.7303292964E-01    0.7257831896E-01
          16.93    0.6224154101E-01    0.1079276107E-01    0.7303430208E-01    0.7259134705E-01
          17.42    0.5223154252E-01    0.2078626387E-01    0.7301780639E-01    0.7260319315E-01
          17.90    0.3896319394E-01    0.3398562799E-01    0.7294882192E-01    0.7261253446E-01
          18.38    0.2346750330E-01    0.4928479182E-01    0.7275229512E-01    0.7261621238E-01
          18.87    0.8603836780E-02    0.6368768414E-01    0.7229152092E-01    0.7260788695E-01
          19.35    0.7704393324E-03    0.7067719712E-01    0.7144763645E-01    0.7257888069E-01
          19.83    0.1043822077E-01    0.6025057440E-01    0.7068879518E-01    0.7253278105E-01
          20.32    0.4264058078E-01    0.2939866863E-01    0.7203924941E-01    0.7252103029E-01
          20.80    0.7093718831E-01    0.4074422207E-02    0.7501161051E-01    0.7257895076E-01
          21.29    0.5602121763E-01    0.1721543283E-01    0.7323665046E-01    0.7259389848E-01
          21.77    0.2025028697E-01    0.5058380296E-01    0.7083408993E-01    0.7255479163E-01
          22.25    0.1877076131E-02    0.6926430217E-01    0.7114137830E-01    0.7252406525E-01
          22.74    0.3992303868E-02    0.6805577727E-01    0.7204808114E-01    0.7251393793E-01
          23.22    0.1637355687E-01    0.5624408119E-01    0.7261763806E-01    0.7251609835E-01
          23.71    0.3137546879E-01    0.4150231484E-01    0.7287778363E-01    0.7252347968E-01
          24.19    0.4528615608E-01    0.2769247711E-01    0.7297863319E-01    0.7253258275E-01
          24.67    0.5662363860E-01    0.1638792946E-01    0.7301156807E-01    0.7254197462E-01
          25.16    0.6489355196E-01    0.8125251085E-02    0.7301880304E-01    0.7255114440E-01
          25.64    0.6998287437E-01    0.3034992080E-02    0.7301786645E-01    0.7255995047E-01
          26.12    0.7190288892E-01    0.1112558165E-02    0.7301544708E-01    0.7256838559E-01
          26.61    0.7069018545E-01    0.2323300030E-02    0.7301348548E-01    0.7257647832E-01
          27.09    0.6637729272E-01    0.6633788896E-02    0.7301108161E-01    0.7258423909E-01
          27.58    0.5900481447E-01    0.1399869101E-01    0.7300350549E-01    0.7259159464E-01
          28.06    0.4868984785E-01    0.2428770231E-01    0.7297755015E-01    0.7259824905E-01
          28.54    0.3581872403E-01    0.3708166949E-01    0.7290039351E-01    0.7260337014E-01
          29.03    0.2152031769E-01    0.5117840547E-01    0.7269872316E-01    0.7260495936E-01
          29.51    0.8678843641E-02    0.6356257632E-01    0.7224141996E-01    0.7259899970E-01
          29.99    0.3525572183E-02    0.6791231966E-01    0.7143789184E-01    0.7258027215E-01
          30.48    0.1569459467E-01    0.5514066755E-01    0.7083526221E-01    0.7255257358E-01
          30.96    0.4778484300E-01    0.2460135813E-01    0.7238620113E-01    0.7254997401E-01
          31.45    0.7142388757E-01    0.3571021477E-02    0.7499490905E-01    0.7258758840E-01
          31.93    0.5251858603E-01    0.2043430229E-01    0.7295288832E-01    0.7259312324E-01
          32.41    0.1723912677E-01    0.5356802541E-01    0.7080715218E-01    0.7256646696E-01
          32.90    0.6943811384E-03    0.7049800541E-01    0.7119238655E-01    0.7254625989E-01
          33.38    0.4234820381E-02    0.6784646262E-01    0.7208128300E-01    0.7253952110E-01
          33.86    0.1757496923E-01    0.5506511441E-01    0.7264008364E-01    0.7254095771E-01
          34.35    0.3314272573E-01    0.3975576146E-01    0.7289848719E-01    0.7254599333E-01
          34.83    0.4722865810E-01    0.2576849671E-01    0.7299715481E-01    0.7255225946E-01
          35.32    0.5837554801E-01    0.1464943709E-01    0.7302498510E-01    0.7255873516E-01
          35.80    0.6616426496E-01    0.6861714515E-02    0.7302597947E-01    0.7256504927E-01
          36.28    0.7057717998E-01    0.2443397008E-02    0.7302057699E-01    0.7257112297E-01
          36.77    0.7169413203E-01    0.1323784723E-02    0.7301791675E-01    0.7257700184E-01
          37.25    0.6955429901E-01    0.3466599723E-02    0.7302089873E-01    0.7258276673E-01
          37.73    0.6411222156E-01    0.8914515809E-02    0.7302673737E-01    0.7258845866E-01
          38.22    0.5528059383E-01    0.1774312483E-01    0.7302371866E-01    0.7259396828E-01
          38.70    0.4310722771E-01    0.2987557924E-01    0.7298280695E-01    0.7259882877E-01
          39.19    0.2820514000E-01    0.4463547472E-01    0.7284061471E-01    0.7260181378E-01
          39.67    0.1265946297E-01    0.5981570354E-01    0.7247516651E-01    0.7260026930E-01
          40.15    0.1637294147E-02    0.7009356587E-01    0.7173086002E-01    0.7258979449E-01
          40.64    0.4835269820E-02    0.6594676732E-01    0.7078203714E-01    0.7256827357E-01
          41.12    0.3147529970E-01    0.3975548387E-01    0.7123078357E-01    0.7255253839E-01
          41.60    0.6672416106E-01    0.7699297171E-02    0.7442345823E-01    0.7257429327E-01
          42.09    0.6551721340E-01    0.8746894971E-02    0.7426410837E-01    0.7259371644E-01
          42.57    0.2979033965E-01    0.4136133622E-01    0.7115167587E-01    0.7257732961E-01
          43.06    0.4188141161E-02    0.6666143513E-01    0.7084957629E-01    0.7255791665E-01
          43.54    0.1480611191E-02    0.7031298879E-01    0.7179359998E-01    0.7254942425E-01
          44.02    0.1227242282E-01    0.6022751659E-01    0.7249993941E-01    0.7254888046E-01
          44.51    0.2735001426E-01    0.4549142419E-01    0.7284143846E-01    0.7255206043E-01
          44.99    0.4189619671E-01    0.3107860811E-01    0.7297480482E-01    0.7255660607E-01
          45.48    0.5396470447E-01    0.1905021778E-01    0.7301492224E-01    0.7256148178E-01
          45.96    0.6296014296E-01    0.1005922653E-01    0.7301936950E-01    0.7256630165E-01
          46.44    0.6881611331E-01    0.4197774672E-02    0.7301388798E-01    0.7257096401E-01
          46.93    0.7161567979E-01    0.1393483308E-02    0.7300916310E-01    0.7257548152E-01
          47.41    0.7143095649E-01    0.1577821006E-02    0.7300877750E-01    0.7257990291E-01
          47.89    0.6826860972E-01    0.4743614216E-02    0.7301222393E-01    0.7258426979E-01
          48.38    0.6207733517E-01    0.1093747441E-01    0.7301480958E-01    0.7258857519E-01
          48.86    0.5281854573E-01    0.2018586422E-01    0.7300440994E-01    0.7259269236E-01
          49.35    0.4064714231E-01    0.3230605211E-01    0.7295319442E-01    0.7259622670E-01
          49.83    0.2631884636E-01    0.4648195317E-01    0.7280079953E-01    0.7259821284E-01
          50.31    0.1204237736E-01    0.6038958642E-01    0.7243196378E-01    0.7259661429E-01
          50.80    0.2967725891E-02    0.6874276988E-01    0.7171049577E-01    0.7258817507E-01
          51.28    0.8309889310E-02    0.6255027260E-01    0.7086016191E-01    0.7257187306E-01
          51.76    0.3570898259E-01    0.3577005707E-01    0.7147903966E-01    0.7256165966E-01
          52.25    0.6840764470E-01    0.6110756145E-02    0.7451840084E-01    0.7257977763E-01
          52.73    0.6399168959E-01    0.1007244406E-01    0.7406413366E-01    0.7259339558E-01
          53.22    0.2821159081E-01    0.4292297585E-01    0.7113456666E-01    0.7258013350E-01
          53.70    0.3659310117E-02    0.6724530247E-01    0.7090461259E-01    0.7256503872E-01
          54.18    0.1540302558E-02    0.7027495655E-01    0.7181525910E-01    0.7255834425E-01
          54.67    0.1260054182E-01    0.5989929297E-01    0.7249983479E-01    0.7255782647E-01
          55.15    0.2786650690E-01    0.4497055786E-01    0.7283706476E-01    0.7256027593E-01
          55.63    0.4257026584E-01    0.3040201554E-01    0.7297228138E-01    0.7256385859E-01
          56.12    0.5473367337E-01    0.1828167562E-01    0.7301534899E-01    0.7256775075E-01
          56.60    0.6371380098E-01    0.9309036671E-02    0.7302283765E-01    0.7257164038E-01
          57.09    0.6939514381E-01    0.3625506063E-02    0.7302064987E-01    0.7257544554E-01
          57.57    0.7180764688E-01    0.1212017029E-02    0.7301966391E-01    0.7257917847E-01
          58.05    0.7096381536E-01    0.2059377636E-02    0.7302319300E-01    0.7258287859E-01
          58.54    0.6680905902E-01    0.6220427263E-02    0.7302948629E-01    0.7258656956E-01
          59.02    0.5924882239E-01    0.1378177842E-01    0.7303060080E-01    0.7259020916E-01
          59.50    0.4826879945E-01    0.2473802307E-01    0.7300682252E-01    0.7259359626E-01
          59.99    0.3422841554E-01    0.3868507905E-01    0.7291349458E-01    0.7259617609E-01
          60.47    0.1850880543E-01    0.5414838267E-01    0.7265718810E-01    0.7259666419E-01
          60.96    0.4796779191E-02    0.6728647799E-01    0.7208325718E-01    0.7259258953E-01
          61.44    0.8878994619E-03    0.7025098583E-01    0.7113888530E-01    0.7258114304E-01
          61.92    0.1774455294E-01    0.5295146523E-01    0.7069601816E-01    0.7256641550E-01
          62.41    0.5423433370E-01    0.1876648625E-01    0.7300081995E-01    0.7256978297E-01
          62.89    0.7263249878E-01    0.2495615162E-02    0.7512811394E-01    0.7258946244E-01
          63.37    0.4594321947E-01    0.2626403967E-01    0.7220725914E-01    0.7258654486E-01
          63.86    0.1234308285E-01    0.5833192255E-01    0.7067500540E-01    0.7257206350E-01
          64.34    0.8135043184E-03    0.7059106986E-01    0.7140457418E-01    0.7256328539E-01
          64.83    0.7202985768E-02    0.6506010892E-01    0.7226309469E-01    0.7256104516E-01
          65.31    0.2102577552E-01    0.5170291659E-01    0.7272869212E-01    0.7256228699E-01
          65.79    0.3587671920E-01    0.3704611500E-01    0.7292283420E-01    0.7256493807E-01
          66.28    0.4895910856E-01    0.2403110752E-01    0.7299021608E-01    0.7256804229E-01
          66.76    0.5928171641E-01    0.1372712887E-01    0.7300884528E-01    0.7257123651E-01
          67.24    0.6656701110E-01    0.6445450948E-02    0.7301246205E-01    0.7257441080E-01
          67.73    0.7075884111E-01    0.2254819965E-02    0.7301366108E-01    0.7257754830E-01
          68.21    0.7183629969E-01    0.1179744609E-02    0.7301604430E-01    0.7258065820E-01
          68.70    0.6976144473E-01    0.3257794127E-02    0.7301923886E-01    0.7258374680E-01
          69.18    0.6448646230E-01    0.8533413246E-02    0.7301987555E-01    0.7258679665E-01
          69.66    0.5600487506E-01    0.1700461522E-01    0.7300949028E-01    0.7258973202E-01
          70.15    0.4447690236E-01    0.2849134469E-01    0.7296824705E-01    0.7259234247E-01
          70.63    0.3051876505E-01    0.4233244491E-01    0.7285120997E-01    0.7259411553E-01
          71.12    0.1584196900E-01    0.5672360405E-01    0.7256557305E-01    0.7259392137E-01
          71.60    0.4494050347E-02    0.6747607472E-01    0.7197012507E-01    0.7258970653E-01
          72.08    0.4368298631E-02    0.6672009288E-01    0.7108839151E-01    0.7257963059E-01
          72.57    0.2500822314E-01    0.4596556446E-01    0.7097378760E-01    0.7256892497E-01
          73.05    0.6047535235E-01    0.1306084402E-01    0.7353619638E-01    0.7257533074E-01
          73.53    0.7128918528E-01    0.3576441677E-02    0.7486562696E-01    0.7259039848E-01
          74.02    0.4076139804E-01    0.3110200707E-01    0.7186340510E-01    0.7258564689E-01
          74.50    0.9299346314E-02    0.6144112419E-01    0.7074047051E-01    0.7257366522E-01
          74.99    0.2839463940E-03    0.7122658278E-01    0.7151052918E-01    0.7256680628E-01
          75.47    0.8053634718E-02    0.6425698315E-01    0.7231061787E-01    0.7256516405E-01
          75.95    0.2261490112E-01    0.5013283618E-01    0.7274773730E-01    0.7256632693E-01
          76.44    0.3789832505E-01    0.3504007790E-01    0.7293840295E-01    0.7256868184E-01
          76.92    0.5113617924E-01    0.2187251017E-01    0.7300868941E-01    0.7257144919E-01
          77.40    0.6128217825E-01    0.1174554178E-01    0.7302772003E-01    0.7257430088E-01
          77.89    0.6804581396E-01    0.4982004093E-02    0.7302781806E-01    0.7257711776E-01
          78.37    0.7142183694E-01    0.1601552922E-02    0.7302338987E-01    0.7257987252E-01
          78.86    0.7147594402E-01    0.1544602410E-02    0.7302054643E-01    0.7258257604E-01
          79.34    0.6825209742E-01    0.4768725829E-02    0.7302082325E-01    0.7258524828E-01
          79.82    0.6174818529E-01    0.1127280266E-01    0.7302098795E-01    0.7258788913E-01
          80.31    0.5196382375E-01    0.2104485927E-01    0.7300868302E-01    0.7259042403E-01
          80.79    0.3908488097E-01    0.3386657734E-01    0.7295145831E-01    0.7259258591E-01
          81.27    0.2396065588E-01    0.4881478256E-01    0.7277543844E-01    0.7259367432E-01
          81.76    0.9148639700E-02    0.6319249057E-01    0.7234113027E-01    0.7259217998E-01
          82.24    0.6983736876E-03    0.7080790300E-01    0.7150627668E-01    0.7258579231E-01
          82.73    0.9104141773E-02    0.6154912423E-01    0.7065326600E-01    0.7257449099E-01
          83.21    0.4092878381E-01    0.3086296414E-01    0.7179174795E-01    0.7256994016E-01
          83.69    0.7193727962E-01    0.3057494853E-02    0.7499477448E-01    0.7258395654E-01
          84.18    0.5928150080E-01    0.1419413248E-01    0.7347563328E-01    0.7258908112E-01
          84.66    0.2197425613E-01    0.4882339874E-01    0.7079765487E-01    0.7257884440E-01
          85.14    0.1609839997E-02    0.6941463015E-01    0.7102447015E-01    0.7257001273E-01
          85.63    0.3026692822E-02    0.6895808258E-01    0.7198477540E-01    0.7256670630E-01
          86.11    0.1556417890E-01    0.5703854618E-01    0.7260272508E-01    0.7256690865E-01
          86.60    0.3094823121E-01    0.4193732655E-01    0.7288555776E-01    0.7256868882E-01
          87.08    0.4514367540E-01    0.2784807215E-01    0.7299174755E-01    0.7257103914E-01
          87.56    0.5659056637E-01    0.1643078418E-01    0.7302135055E-01    0.7257352705E-01
          88.05    0.6484702196E-01    0.8175371651E-02    0.7302239361E-01    0.7257599335E-01
          88.53    0.6989723875E-01    0.3118759011E-02    0.7301599776E-01    0.7257839775E-01
          89.01    0.7183856771E-01    0.1172369696E-02    0.7301093741E-01    0.7258074851E-01
          89.50    0.7074911127E-01    0.2261044164E-02    0.7301015543E-01    0.7258306962E-01
          89.98    0.6664245938E-01    0.6370313568E-02    0.7301277295E-01    0.7258537986E-01
          90.47    0.5948042592E-01    0.1353251852E-01    0.7301294443E-01    0.7258766630E-01
          90.95    0.4926067593E-01    0.2373440511E-01    0.7299508103E-01    0.7258983340E-01
          91.43    0.3624824988E-01    0.3667482075E-01    0.7292307063E-01    0.7259159656E-01
          91.92    0.2150072076E-01    0.5121953448E-01    0.7272025524E-01    0.7259227371E-01
          92.40    0.7933862113E-02    0.6431739799E-01    0.7225126010E-01    0.7259048830E-01
          92.89    0.1983079386E-02    0.6942973895E-01    0.7141281834E-01    0.7258435460E-01
          93.37    0.1383680450E-01    0.5689388720E-01    0.7073069170E-01    0.7257475013E-01
          93.85    0.4711145762E-01    0.2513678155E-01    0.7224823918E-01    0.7257306708E-01
          94.34    0.7328798056E-01    0.1789235523E-02    0.7507721608E-01    0.7258590887E-01
          94.82    0.5525684842E-01    0.1779118569E-01    0.7304803411E-01    0.7258826665E-01
          95.30    0.1885041200E-01    0.5191593906E-01    0.7076635106E-01    0.7257901835E-01
          95.79    0.1198332020E-02    0.6995132181E-01    0.7114965383E-01    0.7257179934E-01
          96.27    0.4110498921E-02    0.6795295035E-01    0.7206344927E-01    0.7256924482E-01
          96.76    0.1709318074E-01    0.5553980082E-01    0.7263298157E-01    0.7256956350E-01
          97.24    0.3245459130E-01    0.4043886407E-01    0.7289345537E-01    0.7257117490E-01
          97.72    0.4646801275E-01    0.2652391589E-01    0.7299192864E-01    0.7257325784E-01
          98.21    0.5768550579E-01    0.1533452339E-01    0.7302002918E-01    0.7257545869E-01
          98.69    0.6568666585E-01    0.7335711107E-02    0.7302237696E-01    0.7257764946E-01
          99.17    0.7043419217E-01    0.2584761526E-02    0.7301895370E-01    0.7257980216E-01
          99.66    0.7197780789E-01    0.1040192985E-02    0.7301800088E-01    0.7258192934E-01
         100.14    0.7033050785E-01    0.2691203062E-02    0.7302171092E-01    0.7258405389E-01
         100.63    0.6543563557E-01    0.7592009136E-02    0.7302764471E-01    0.7258618654E-01
         101.11    0.5720420582E-01    0.1582250310E-01    0.7302670892E-01    0.7258829430E-01
         101.59    0.4565200436E-01    0.2734441331E-01    0.7299641767E-01    0.7259023775E-01
         102.08    0.3123310566E-01    0.4165272509E-01    0.7288583075E-01    0.7259163866E-01
         102.56    0.1557458923E-01    0.5701537962E-01    0.7258996884E-01    0.7259163079E-01
         103.04    0.2899324298E-02    0.6904699222E-01    0.7194631652E-01    0.7258860114E-01
         103.53    0.1813191999E-02    0.6915169584E-01    0.7096488784E-01    0.7258101370E-01
         104.01    0.2310162840E-01    0.4770437879E-01    0.7080600719E-01    0.7257275785E-01
         104.50    0.6074010590E-01    0.1287860900E-01    0.7361871490E-01    0.7257760024E-01
         104.98    0.7171632197E-01    0.3221360362E-02    0.7493768233E-01    0.7258847620E-01
         105.46    0.3954126426E-01    0.3213031857E-01    0.7167158284E-01    0.7258427027E-01
         105.95    0.8270436017E-02    0.6239558111E-01    0.7066601712E-01    0.7257551112E-01
         106.43    0.5534480059E-03    0.7099672179E-01    0.7155016979E-01    0.7257085048E-01
         106.91    0.9213699103E-02    0.6315554804E-01    0.7236924714E-01    0.7256993824E-01
         107.40    0.2390303919E-01    0.4888532182E-01    0.7278836101E-01    0.7257092213E-01
         107.88    0.3877960173E-01    0.3417564056E-01    0.7295524228E-01    0.7257264554E-01
         108.37    0.5142255795E-01    0.2158389229E-01    0.7300645024E-01    0.7257458217E-01
         108.85    0.6107583642E-01    0.1193853975E-01    0.7301437617E-01    0.7257653681E-01
         109.33    0.6762279945E-01    0.5388520467E-02    0.7301131992E-01    0.7257846063E-01
         109.82    0.7111056829E-01    0.1899098506E-02    0.7300966680E-01    0.7258036021E-01
         110.30    0.7156405963E-01    0.1448512654E-02    0.7301257228E-01    0.7258225588E-01
         110.78    0.6893852496E-01    0.4080125856E-02    0.7301865081E-01    0.7258416154E-01
         111.27    0.6314149854E-01    0.9881303827E-02    0.7302280237E-01    0.7258606867E-01
         111.75    0.5411090207E-01    0.1890265068E-01    0.7301355275E-01    0.7258791925E-01
         112.24    0.4198700240E-01    0.3097844837E-01    0.7296545077E-01    0.7258954654E-01
         112.72    0.2748550028E-01    0.4533764698E-01    0.7282314726E-01    0.7259054912E-01
         113.20    0.1268193906E-01    0.5979618351E-01    0.7247812256E-01    0.7259006866E-01
         113.69    0.2433462774E-02    0.6935390574E-01    0.7178736851E-01    0.7258665292E-01
         114.17    0.5718982380E-02    0.6517099174E-01    0.7088997412E-01    0.7257946360E-01
         114.66    0.3136577734E-01    0.3984563563E-01    0.7121141297E-01    0.7257369124E-01
         115.14    0.6666045938E-01    0.7552346279E-02    0.7421280566E-01    0.7258057827E-01
         115.62    0.6835967822E-01    0.6076481622E-02    0.7443615984E-01    0.7258834221E-01
         116.11    0.3369517568E-01    0.3765423625E-01    0.7134941192E-01    0.7258318000E-01
         116.59    0.6178928825E-02    0.6464762538E-01    0.7082655421E-01    0.7257589110E-01
         117.07    0.1369298984E-02    0.7034104886E-01    0.7171034784E-01    0.7257231447E-01
         117.56    0.1100089983E-01    0.6143247271E-01    0.7243337255E-01    0.7257174270E-01
         118.04    0.2576335652E-01    0.4703629582E-01    0.7279965234E-01    0.7257267675E-01
         118.53    0.4052155724E-01    0.3243056916E-01    0.7295212640E-01    0.7257422553E-01
         119.01    0.5305708111E-01    0.1994938994E-01    0.7300647105E-01    0.7257598262E-01
         119.49    0.6256185085E-01    0.1045976423E-01    0.7302161508E-01    0.7257778680E-01
         119.98    0.6880457165E-01    0.4219060141E-02    0.7302363179E-01    0.7257958456E-01
         120.46    0.7175016204E-01    0.1273074321E-02    0.7302323636E-01    0.7258136630E-01
         120.94    0.7140151340E-01    0.1622661069E-02    0.7302417447E-01    0.7258313753E-01
         121.43    0.6774403049E-01    0.5282186419E-02    0.7302621691E-01    0.7258490279E-01
         121.91    0.6074916020E-01    0.1227545757E-01    0.7302461778E-01    0.7258664769E-01
         122.40    0.5044503857E-01    0.2256059667E-01    0.7300563524E-01    0.7258830376E-01
         122.88    0.3711993054E-01    0.3581535928E-01    0.7293528982E-01    0.7258966985E-01
         123.36    0.2181747415E-01    0.5091959232E-01    0.7273706647E-01    0.7259024788E-01
         123.85    0.7407700328E-02    0.6486052565E-01    0.7226822598E-01    0.7258898998E-01
         124.33    0.3720189062E-03    0.7102972239E-01    0.7140174130E-01    0.7258437033E-01
         124.81    0.1138467267E-01    0.5924581227E-01    0.7063048494E-01    0.7257679714E-01
         125.30    0.4526035340E-01    0.2683587562E-01    0.7209622902E-01    0.7257494166E-01
         125.78    0.7361060686E-01    0.1535401532E-02    0.7514600839E-01    0.7258483038E-01
         126.27    0.5636591955E-01    0.1675233595E-01    0.7311825549E-01    0.7258687415E-01
         126.75    0.1913863102E-01    0.5156924601E-01    0.7070787703E-01    0.7257970241E-01
         127.23    0.9850675879E-03    0.7012470048E-01    0.7110976807E-01    0.7257411330E-01
         127.72    0.3877951207E-02    0.6817827335E-01    0.7205622455E-01    0.7257215160E-01
         128.20    0.1696718562E-01    0.5566876316E-01    0.7263594878E-01    0.7257239235E-01
         128.68    0.3241950612E-01    0.4047757800E-01    0.7289708412E-01    0.7257361299E-01
         129.17    0.4649282489E-01    0.2650245422E-01    0.7299527911E-01    0.7257519227E-01
         129.65    0.5773912557E-01    0.1528461401E-01    0.7302373958E-01    0.7257686595E-01
         130.14    0.6573023648E-01    0.7295848558E-02    0.7302608504E-01    0.7257853591E-01
         130.62    0.7042837948E-01    0.2592690270E-02    0.7302106975E-01    0.7258017493E-01
         131.10    0.7190885105E-01    0.1107437826E-02    0.7301628888E-01    0.7258178420E-01
         131.59    0.7024570203E-01    0.2768482165E-02    0.7301418420E-01    0.7258337391E-01
         132.07    0.6547380180E-01    0.7539925365E-02    0.7301372716E-01    0.7258495029E-01
         132.55    0.5760297475E-01    0.1540581805E-01    0.7300879280E-01    0.7258649716E-01
         133.04    0.4670856680E-01    0.2627368044E-01    0.7298224724E-01    0.7258793625E-01
         133.52    0.3318433133E-01    0.3970852455E-01    0.7289285588E-01    0.7258904104E-01
         134.01    0.1833850062E-01    0.5431415100E-01    0.7265265162E-01    0.7258927068E-01
         134.49    0.5601364269E-02    0.6651384066E-01    0.7211520493E-01    0.7258756540E-01
         134.97    0.2241622054E-02    0.6898082091E-01    0.7122244296E-01    0.7258267249E-01
         135.46    0.1863004568E-01    0.5212839109E-01    0.7075843677E-01    0.7257615737E-01
         135.94    0.5430554459E-01    0.1856870296E-01    0.7287424755E-01    0.7257721818E-01
         136.43    0.7385348611E-01    0.1268578086E-02    0.7512206419E-01    0.7258624246E-01
         136.91    0.4855864098E-01    0.2383700433E-01    0.7239564530E-01    0.7258556897E-01
         137.39    0.1392611526E-01    0.5676697055E-01    0.7069308581E-01    0.7257890530E-01
         137.88    0.7476821564E-03    0.7058553714E-01    0.7133321929E-01    0.7257453447E-01
         138.36    0.6315371746E-02    0.6588850990E-01    0.7220388165E-01    0.7257323848E-01
         138.84    0.2013393378E-01    0.5256910461E-01    0.7270303839E-01    0.7257369075E-01
         139.33    0.3536202404E-01    0.3756066420E-01    0.7292268824E-01    0.7257490254E-01
         139.81    0.4883725856E-01    0.2416497526E-01    0.7300223382E-01    0.7257638120E-01
         140.30    0.5938697215E-01    0.1363516049E-01    0.7302213263E-01    0.7257791827E-01
         140.78    0.6671366662E-01    0.6307212092E-02    0.7302087871E-01    0.7257944047E-01
         141.26    0.7083550520E-01    0.2180348936E-02    0.7301585413E-01    0.7258093504E-01
         141.75    0.7182756881E-01    0.1186854092E-02    0.7301442290E-01    0.7258241452E-01
         142.23    0.6971072129E-01    0.3307772305E-02    0.7301849359E-01    0.7258389778E-01
         142.71    0.6442280951E-01    0.8602382112E-02    0.7302519162E-01    0.7258539370E-01
         143.20    0.5586268773E-01    0.1716156714E-01    0.7302425487E-01    0.7258687633E-01
         143.68    0.4404506628E-01    0.2894564348E-01    0.7299070976E-01    0.7258823604E-01
         144.17    0.2947066391E-01    0.4339834550E-01    0.7286900941E-01    0.7258917824E-01
         144.65    0.1392474667E-01    0.5862241317E-01    0.7254715984E-01    0.7258903771E-01
         145.13    0.1980716495E-02    0.6988024898E-01    0.7186096547E-01    0.7258661080E-01
         145.62    0.2721782328E-02    0.6814915888E-01    0.7087094121E-01    0.7258091090E-01
         146.10    0.2659489583E-01    0.4432613727E-01    0.7092103310E-01    0.7257541462E-01
         146.58    0.6423950500E-01    0.9739164163E-02    0.7397866916E-01    0.7258004582E-01
         147.07    0.7044223988E-01    0.4295144882E-02    0.7473738476E-01    0.7258714233E-01
         147.55    0.3576883556E-01    0.3563500462E-01    0.7140384018E-01    0.7258326265E-01
         148.04    0.6196269939E-02    0.6449852415E-01    0.7069479409E-01    0.7257709118E-01
         148.52    0.5412102275E-03    0.7109358429E-01    0.7163479451E-01    0.7257402181E-01
         149.00    0.1033383230E-01    0.6208769990E-01    0.7242153219E-01    0.7257352672E-01
         149.49    0.2547966340E-01    0.4733516398E-01    0.7281482738E-01    0.7257430762E-01
         149.97    0.4046069003E-01    0.3251051554E-01    0.7297120557E-01    0.7257558794E-01
         150.45    0.5299864450E-01    0.2002043618E-01    0.7301908068E-01    0.7257701396E-01
         150.94    0.6238282723E-01    0.1064202351E-01    0.7302485074E-01    0.7257844934E-01
         151.42    0.6852671884E-01    0.4492074543E-02    0.7301879338E-01    0.7257985619E-01
         151.91    0.7152198395E-01    0.1491676939E-02    0.7301366089E-01    0.7258123773E-01
         152.39    0.7144688951E-01    0.1566806021E-02    0.7301369553E-01    0.7258261061E-01
         152.87    0.6830167045E-01    0.4716568173E-02    0.7301823862E-01    0.7258398918E-01
         153.36    0.6201835544E-01    0.1100361795E-01    0.7302197339E-01    0.7258537084E-01
         153.84    0.5254122385E-01    0.2047053688E-01    0.7301176073E-01    0.7258671168E-01
         154.32    0.4002331834E-01    0.3293477635E-01    0.7295809469E-01    0.7258787589E-01
         154.81    0.2525900212E-01    0.4753854533E-01    0.7279754745E-01    0.7258853112E-01
         155.29    0.1057998474E-01    0.6182965683E-01    0.7240964156E-01    0.7258797383E-01
         155.78    0.1409817768E-02    0.7024442231E-01    0.7165424008E-01    0.7258507404E-01
         156.26    0.7396752792E-02    0.6338121229E-01    0.7077796508E-01    0.7257947927E-01
         156.74    0.3631737862E-01    0.3515707721E-01    0.7147445583E-01    0.7257606870E-01
         157.23    0.7006390028E-01    0.4562249244E-02    0.7462614952E-01    0.7258237665E-01
         157.71    0.6493056918E-01    0.9077110956E-02    0.7400768013E-01    0.7258674874E-01
         158.20    0.2864295803E-01    0.4242379614E-01    0.7106675418E-01    0.7258210044E-01
         158.68    0.4424264584E-02    0.6649728582E-01    0.7092155040E-01    0.7257703779E-01
         159.16    0.2520471332E-02    0.6932737618E-01    0.7184784751E-01    0.7257482140E-01
         159.65    0.1339869682E-01    0.5911895286E-01    0.7251764968E-01    0.7257464816E-01
         160.13    0.2827160170E-01    0.4456853636E-01    0.7284013806E-01    0.7257545024E-01
         160.61    0.4258812540E-01    0.3037904618E-01    0.7296717157E-01    0.7257663012E-01
         161.10    0.5449784958E-01    0.1851001200E-01    0.7300786159E-01    0.7257792511E-01
         161.58    0.6339838889E-01    0.9618162322E-02    0.7301655121E-01    0.7257923837E-01
         162.07    0.6915874096E-01    0.3858094931E-02    0.7301683589E-01    0.7258054463E-01
         162.55    0.7177217177E-01    0.1245622060E-02    0.7301779383E-01    0.7258184596E-01
         163.03    0.7122134875E-01    0.1800491316E-02    0.7302184006E-01    0.7258315158E-01
         163.52    0.6744312887E-01    0.5584386048E-02    0.7302751492E-01    0.7258446627E-01
         164.00    0.6035175769E-01    0.1267700970E-01    0.7302876739E-01    0.7258577689E-01
         164.48    0.4993056311E-01    0.2307973777E-01    0.7301030088E-01    0.7258702549E-01
         164.97    0.3645949736E-01    0.3647675002E-01    0.7293624738E-01    0.7258804960E-01
         165.45    0.2103732235E-01    0.5169070904E-01    0.7272803138E-01    0.7258845891E-01
         165.94    0.6676948597E-02    0.6556499098E-01    0.7224193958E-01    0.7258744865E-01
         166.42    0.8316094426E-04    0.7127621669E-01    0.7135937764E-01    0.7258387867E-01
         166.90    0.1204683510E-01    0.5857406647E-01    0.7062090157E-01    0.7257818888E-01
         167.39    0.4668088295E-01    0.2553328005E-01    0.7221416300E-01    0.7257713679E-01
         167.87    0.7400614841E-01    0.1180970304E-02    0.7518711872E-01    0.7258465835E-01
         168.35    0.5520429619E-01    0.1777686154E-01    0.7298115773E-01    0.7258579771E-01
         168.84    0.1823890020E-01    0.5244339813E-01    0.7068229833E-01    0.7258034356E-01
         169.32    0.1034578025E-02    0.7011394143E-01    0.7114851945E-01    0.7257625263E-01
         169.81    0.4487088486E-02    0.6760121980E-01    0.7208830828E-01    0.7257486248E-01
         170.29    0.1769936918E-01    0.5495111622E-01    0.7265048540E-01    0.7257507732E-01
         170.77    0.3305343101E-01    0.3984618925E-01    0.7289962025E-01    0.7257599670E-01
         171.26    0.4697731282E-01    0.2601505677E-01    0.7299236959E-01    0.7257717290E-01
         171.74    0.5810449703E-01    0.1491575856E-01    0.7302025559E-01    0.7257842102E-01
         172.22    0.6601587174E-01    0.7009107768E-02    0.7302497951E-01    0.7257967539E-01
         172.71    0.7063665010E-01    0.2386981488E-02    0.7302363159E-01    0.7258091897E-01
         173.19    0.7198441684E-01    0.1038020841E-02    0.7302243768E-01    0.7258215226E-01
         173.68    0.7007684251E-01    0.2945776453E-02    0.7302261897E-01    0.7258337919E-01
         174.16    0.6491356334E-01    0.8108331087E-02    0.7302189443E-01    0.7258459729E-01
         174.64    0.5650986977E-01    0.1650282876E-01    0.7301269853E-01    0.7258578316E-01
         175.13    0.4500831064E-01    0.2796766744E-01    0.7297597808E-01    0.7258686105E-01
         175.61    0.3095776774E-01    0.4190945242E-01    0.7286722016E-01    0.7258763339E-01
         176.09    0.1595130565E-01    0.5664141850E-01    0.7259272416E-01    0.7258764737E-01
         176.58    0.3893719912E-02    0.6811073658E-01    0.7200445649E-01    0.7258604959E-01
         177.06    0.2649722502E-02    0.6844472344E-01    0.7109444594E-01    0.7258197417E-01
         177.55    0.2235715678E-01    0.4849170321E-01    0.7084885999E-01    0.7257725179E-01
         178.03    0.5892608786E-01    0.1441077334E-01    0.7333686121E-01    0.7257931594E-01
         178.51    0.7313530119E-01    0.1865949069E-02    0.7500125026E-01    0.7258587945E-01
         179.00    0.4396696668E-01    0.2803819892E-01    0.7200516559E-01    0.7258430996E-01
         179.48    0.1129852471E-01    0.5941428312E-01    0.7071280783E-01    0.7257926548E-01
         179.96    0.9398901983E-03    0.7052264829E-01    0.7146253849E-01    0.7257626352E-01
         180.45    0.7928918354E-02    0.6435655891E-01    0.7228547727E-01    0.7257548393E-01
         180.93    0.2209913102E-01    0.5063925014E-01    0.7273838115E-01    0.7257591949E-01
         181.42    0.3719198654E-01    0.3574363892E-01    0.7293562546E-01    0.7257687870E-01
         181.90    0.5035552702E-01    0.2265186137E-01    0.7300738839E-01    0.7257802368E-01
         182.38    0.6052754370E-01    0.1249798314E-01    0.7302552684E-01    0.7257921069E-01
         182.87    0.6743492202E-01    0.5588902013E-02    0.7302382403E-01    0.7258038691E-01
         183.35    0.7110238819E-01    0.1915146288E-02    0.7301753448E-01    0.7258154034E-01
         183.84    0.7162527480E-01    0.1388200353E-02    0.7301347515E-01    0.7258267701E-01
         184.32    0.6906584003E-01    0.3948248312E-02    0.7301408834E-01    0.7258380932E-01
         184.80    0.6341524807E-01    0.9602411989E-02    0.7301766006E-01    0.7258494506E-01
         185.29    0.5461911338E-01    0.1839577015E-01    0.7301488353E-01    0.7258606761E-01
         185.77    0.4271772055E-01    0.3026244506E-01    0.7298016561E-01    0.7258709391E-01
         186.25    0.2822557096E-01    0.4462869496E-01    0.7285426592E-01    0.7258778786E-01
         186.74    0.1298227789E-01    0.5953630412E-01    0.7251858200E-01    0.7258760857E-01
         187.22    0.1736727371E-02    0.7007139764E-01    0.7180812501E-01    0.7258559440E-01
         187.71    0.3814042650E-02    0.6701261862E-01    0.7082666127E-01    0.7258106107E-01
         188.19    0.2921901899E-01    0.4182407029E-01    0.7104308927E-01    0.7257710741E-01
         188.67    0.6614595187E-01    0.8061218570E-02    0.7420717044E-01    0.7258128706E-01
         189.16    0.6880669824E-01    0.5736812159E-02    0.7454351040E-01    0.7258630554E-01
         189.64    0.3303386569E-01    0.3821674273E-01    0.7125060841E-01    0.7258289815E-01
         190.12    0.5036461087E-02    0.6570315308E-01    0.7073961417E-01    0.7257820786E-01
         190.61    0.8566071441E-03    0.7084390516E-01    0.7170051230E-01    0.7257598020E-01
         191.09    0.1135000402E-01    0.6110899250E-01    0.7245899652E-01    0.7257568404E-01
         191.58    0.2669329378E-01    0.4613829753E-01    0.7283159131E-01    0.7257633027E-01
         192.06    0.4163927807E-01    0.3133932508E-01    0.7297860316E-01    0.7257734355E-01
         192.54    0.5404135677E-01    0.1898228901E-01    0.7302364578E-01    0.7257846491E-01
         193.03    0.6322919592E-01    0.9800153431E-02    0.7302934935E-01    0.7257959495E-01
         193.51    0.6911633720E-01    0.3907505470E-02    0.7302384267E-01    0.7258070557E-01
         193.99    0.7178559949E-01    0.1233280861E-02    0.7301888035E-01    0.7258179828E-01
         194.48    0.7131259434E-01    0.1705836837E-02    0.7301843118E-01    0.7258288443E-01
         194.96    0.6770532930E-01    0.5316508196E-02    0.7302183749E-01    0.7258397364E-01
         195.45    0.6091391282E-01    0.1210958946E-01    0.7302350229E-01    0.7258506158E-01
         195.93    0.5091484267E-01    0.2209410970E-01    0.7300895237E-01    0.7258610823E-01
         196.41    0.3792668259E-01    0.3501838645E-01    0.7294506904E-01    0.7258699237E-01
         196.90    0.2289377033E-01    0.4986714394E-01    0.7276091427E-01    0.7258741969E-01
         197.38    0.8481186362E-02    0.6384499177E-01    0.7232617814E-01    0.7258677940E-01
         197.86    0.7195227495E-03    0.7079437153E-01    0.7151389428E-01    0.7258415620E-01
         198.35    0.9758983045E-02    0.6094882505E-01    0.7070780809E-01    0.7257957975E-01
         198.83    0.4160942798E-01    0.3022400529E-01    0.7183343327E-01    0.7257776430E-01
         199.32    0.7246935935E-01    0.2467777379E-02    0.7493713673E-01    0.7258349094E-01
         199.80    0.6064200989E-01    0.1287883655E-01    0.7352084643E-01    0.7258576056E-01
         200.28    0.2391731298E-01    0.4696226157E-01    0.7087957454E-01    0.7258163934E-01
         200.77    0.3114770748E-02    0.6792900128E-01    0.7104377203E-01    0.7257793364E-01
         201.25    0.3759507137E-02    0.6821287814E-01    0.7197238528E-01    0.7257647799E-01
         201.73    0.1567017890E-01    0.5691625049E-01    0.7258642939E-01    0.7257650185E-01
         202.22    0.3066691023E-01    0.4220609848E-01    0.7287300871E-01    0.7257721120E-01
         202.70    0.4467929140E-01    0.2830352973E-01    0.7298282114E-01    0.7257817924E-01
         203.19    0.5610276709E-01    0.1691227045E-01    0.7301503754E-01    0.7257921938E-01
         203.67    0.6446002290E-01    0.8558609591E-02    0.7301863249E-01    0.7258026312E-01
         204.15    0.6969726468E-01    0.3318214923E-02    0.7301547960E-01    0.7258129444E-01
         204.64    0.7186113792E-01    0.1153305919E-02    0.7301444384E-01    0.7258231843E-01
         205.12    0.7096594277E-01    0.2052074057E-02    0.7301801682E-01    0.7258334602E-01
         205.61    0.6695633116E-01    0.6068275169E-02    0.7302460633E-01    0.7258438428E-01
         206.09    0.5973204147E-01    0.1329557927E-01    0.7302762075E-01    0.7258542474E-01
         206.57    0.4924788010E-01    0.2376275010E-01    0.7301063021E-01    0.7258642054E-01
         207.06    0.3575876024E-01    0.3717697126E-01    0.7293573150E-01    0.7258723669E-01
         207.54    0.2037197815E-01    0.5234913704E-01    0.7272111520E-01    0.7258754876E-01
         208.02    0.6185634985E-02    0.6603425786E-01    0.7221989285E-01    0.7258669374E-01
         208.51    0.9016246227E-04    0.7123105600E-01    0.7132121846E-01    0.7258375761E-01
         208.99    0.1297580461E-01    0.5764551567E-01    0.7062132028E-01    0.7257921493E-01
         209.48    0.4814962974E-01    0.2420628611E-01    0.7235591585E-01    0.7257869923E-01
         209.96    0.7393745636E-01    0.1279422365E-02    0.7521687872E-01    0.7258477798E-01
         210.44    0.5326234041E-01    0.1955105050E-01    0.7281339090E-01    0.7258530353E-01
         210.93    0.1673492561E-01    0.5391356639E-01    0.7064849201E-01    0.7258086130E-01
         211.41    0.8651929343E-03    0.7032567085E-01    0.7119086379E-01    0.7257768053E-01
         211.89    0.5260301498E-02    0.6687017156E-01    0.7213047305E-01    0.7257665951E-01
         212.38    0.1885885320E-01    0.5381979193E-01    0.7267864513E-01    0.7257689182E-01
         212.86    0.3419510739E-01    0.3871981530E-01    0.7291492269E-01    0.7257766007E-01
         213.35    0.4787417445E-01    0.2512342773E-01    0.7299760219E-01    0.7257861232E-01
         213.83    0.5867839377E-01    0.1434056379E-01    0.7301895756E-01    0.7257960858E-01
         214.31    0.6628908814E-01    0.6731941301E-02    0.7302102944E-01    0.7258060501E-01
         214.80    0.7067405744E-01    0.2346392795E-02    0.7302045024E-01    0.7258159565E-01
         215.28    0.7184019325E-01    0.1182219364E-02    0.7302241261E-01    0.7258258625E-01
         215.76    0.6975632893E-01    0.3270455675E-02    0.7302678461E-01    0.7258358221E-01
         216.25    0.6435654502E-01    0.8673035092E-02    0.7302958012E-01    0.7258457997E-01
         216.73    0.5560127827E-01    0.1741954993E-01    0.7302082820E-01    0.7258555374E-01
         217.22    0.4362655563E-01    0.2935117941E-01    0.7297773504E-01    0.7258642720E-01
         217.70    0.2907864518E-01    0.4377122178E-01    0.7284986696E-01    0.7258701262E-01
         218.18    0.1383304932E-01    0.5870272518E-01    0.7253577451E-01    0.7258689901E-01
         218.67    0.2345634807E-02    0.6954365756E-01    0.7188929237E-01    0.7258535563E-01
         219.15    0.3162893349E-02    0.6780932917E-01    0.7097222251E-01    0.7258179463E-01
         219.63    0.2599893238E-01    0.4499220896E-01    0.7099114134E-01    0.7257829099E-01
         220.12    0.6266837787E-01    0.1111265554E-01    0.7378103341E-01    0.7258093438E-01
         220.60    0.7130381672E-01    0.3461807571E-02    0.7476562429E-01    0.7258572537E-01
         221.09    0.3951902425E-01    0.3216156822E-01    0.7168059248E-01    0.7258374477E-01
         221.57    0.9465462065E-02    0.6131968361E-01    0.7078514567E-01    0.7257981770E-01
         222.05    0.1767159039E-02    0.6983295959E-01    0.7160011863E-01    0.7257768328E-01
         222.54    0.9816407093E-02    0.6254571876E-01    0.7236212586E-01    0.7257721467E-01
         223.02    0.2402011545E-01    0.4874536360E-01    0.7276547906E-01    0.7257762305E-01
         223.50    0.3877461167E-01    0.3416490125E-01    0.7293951293E-01    0.7257840637E-01
         223.99    0.5155993051E-01    0.2144449590E-01    0.7300442641E-01    0.7257932650E-01
         224.47    0.6141399043E-01    0.1160941635E-01    0.7302340678E-01    0.7258028357E-01
         224.96    0.6804883879E-01    0.4976297861E-02    0.7302513665E-01    0.7258124024E-01
         225.44    0.7143488892E-01    0.1587113495E-02    0.7302200242E-01    0.7258218608E-01
         225.92    0.7161819435E-01    0.1400937975E-02    0.7301913232E-01    0.7258312173E-01
         226.41    0.6864335836E-01    0.4374649093E-02    0.7301800745E-01    0.7258405097E-01
         226.89    0.6252999477E-01    0.1048668569E-01    0.7301668046E-01    0.7258497342E-01
         227.38    0.5330036053E-01    0.1970610026E-01    0.7300646079E-01    0.7258587020E-01
         227.86    0.4110786397E-01    0.3185493711E-01    0.7296280108E-01    0.7258667048E-01
         228.34    0.2659816714E-01    0.4622807825E-01    0.7282624538E-01    0.7258717805E-01
         228.83    0.1175829028E-01    0.6071678245E-01    0.7247507272E-01    0.7258694104E-01
         229.31    0.1525871587E-02    0.7022103276E-01    0.7174690435E-01    0.7258516881E-01
         229.79    0.5340209345E-02    0.6545948635E-01    0.7079969570E-01    0.7258140992E-01
         230.28    0.3235540553E-01    0.3887230971E-01    0.7122771524E-01    0.7257856603E-01
         230.76    0.6785410411E-01    0.6584271853E-02    0.7443837596E-01    0.7258246500E-01
         231.25    0.6641395378E-01    0.7873513679E-02    0.7428746746E-01    0.7258603195E-01
         231.73    0.2994324379E-01    0.4116958671E-01    0.7111283050E-01    0.7258295637E-01
         232.21    0.3951602208E-02    0.6685494432E-01    0.7080654653E-01    0.7257925552E-01
         232.70    0.1416900825E-02    0.7035741003E-01    0.7177431086E-01    0.7257758204E-01
         233.18    0.1265563616E-01    0.5984298931E-01    0.7249862547E-01    0.7257741823E-01
         233.66    0.2819081521E-01    0.4465860964E-01    0.7284942484E-01    0.7257798139E-01
         234.15    0.4305872656E-01    0.2992821192E-01    0.7298693848E-01    0.7257882634E-01
         234.63    0.5524423971E-01    0.1778435298E-01    0.7302859269E-01    0.7257975369E-01
         235.12    0.6412453570E-01    0.8908690290E-02    0.7303322599E-01    0.7258068676E-01
         235.60    0.6962805397E-01    0.3399209767E-02    0.7302726374E-01    0.7258160376E-01
         236.08    0.7184430155E-01    0.1177564471E-02    0.7302186602E-01    0.7258250594E-01
         236.57    0.7085592298E-01    0.2164938072E-02    0.7302086106E-01    0.7258340237E-01
         237.05    0.6668011792E-01    0.6343269017E-02    0.7302338693E-01    0.7258430030E-01
         237.53    0.5928115360E-01    0.1374179887E-01    0.7302295247E-01    0.7258519368E-01
         238.02    0.4866785641E-01    0.2433465706E-01    0.7300251347E-01    0.7258604189E-01
         238.50    0.3514709006E-01    0.3777599310E-01    0.7292308316E-01    0.7258672555E-01
         238.99    0.1989066497E-01    0.5281227068E-01    0.7270293566E-01    0.7258696079E-01
         239.47    0.6068270994E-02    0.6613342258E-01    0.7220169357E-01    0.7258618247E-01
         239.95    0.5489698056E-03    0.7078077406E-01    0.7132974387E-01    0.7258364933E-01
         240.44    0.1383671069E-01    0.5686237727E-01    0.7069908796E-01    0.7257985746E-01
         240.92    0.4850298141E-01    0.2391807071E-01    0.7242105211E-01    0.7257953857E-01
         241.40    0.7358259177E-01    0.1539559592E-02    0.7512215136E-01    0.7258463399E-01
         241.89    0.5393207199E-01    0.1892706595E-01    0.7285913794E-01    0.7258518299E-01
         242.37    0.1847760149E-01    0.5229013708E-01    0.7076773857E-01    0.7258155536E-01
         242.86    0.2333153962E-02    0.6890306930E-01    0.7123622327E-01    0.7257887542E-01
         243.34    0.5855528678E-02    0.6626973744E-01    0.7212526612E-01    0.7257797361E-01
         243.82    0.1870844954E-01    0.5395345983E-01    0.7266190937E-01    0.7257814015E-01
         244.31    0.3362907327E-01    0.3927462086E-01    0.7290369413E-01    0.7257878481E-01
         244.79    0.4716072057E-01    0.2583321326E-01    0.7299393383E-01    0.7257960526E-01
         245.27    0.5798064291E-01    0.1503824032E-01    0.7301888323E-01    0.7258047169E-01
         245.76    0.6571856551E-01    0.7301472756E-02    0.7302003826E-01    0.7258133698E-01
         246.24    0.7035726476E-01    0.2658657897E-02    0.7301592266E-01    0.7258219078E-01
         246.73    0.7195832732E-01    0.1055918049E-02    0.7301424537E-01    0.7258303794E-01
         247.21    0.7054643100E-01    0.2470854411E-02    0.7301728541E-01    0.7258388774E-01
         247.69    0.6607499202E-01    0.6948396322E-02    0.7302338834E-01    0.7258474614E-01
         248.18    0.5845152138E-01    0.1457393204E-01    0.7302545342E-01    0.7258560522E-01
         248.66    0.4764489060E-01    0.2536055851E-01    0.7300544911E-01    0.7258642204E-01
         249.15    0.3395361985E-01    0.3896820197E-01    0.7292182183E-01    0.7258707330E-01
         249.63    0.1860935453E-01    0.5407676943E-01    0.7268612396E-01    0.7258726526E-01
         250.11    0.4998076883E-02    0.6714783901E-01    0.7214591589E-01    0.7258641159E-01
         250.60    0.4780548918E-03    0.7074103834E-01    0.7121909323E-01    0.7258377198E-01
         251.08    0.1597927312E-01    0.5468047993E-01    0.7065975306E-01    0.7258006481E-01
         251.56    0.5223514739E-01    0.2052080777E-01    0.7275595516E-01    0.7258040306E-01
         252.05    0.7352950898E-01    0.1688267815E-02    0.7521777679E-01    0.7258546520E-01
         252.53    0.4846692105E-01    0.2394699921E-01    0.7241392027E-01    0.7258513657E-01
         253.02    0.1329429313E-01    0.5732210441E-01    0.7061639754E-01    0.7258137225E-01
         253.50    0.3514538195E-03    0.7094929046E-01    0.7130074428E-01    0.7257892830E-01
         253.98    0.6609532747E-02    0.6560375557E-01    0.7221328831E-01    0.7257823184E-01
         254.47    0.2101135516E-01    0.5171422088E-01    0.7272557604E-01    0.7257851197E-01
         254.95    0.3650593102E-01    0.3643681438E-01    0.7294274539E-01    0.7257920311E-01
         255.43    0.4995331265E-01    0.2306178962E-01    0.7301510227E-01    0.7258002868E-01
         255.92    0.6028165285E-01    0.1274721324E-01    0.7302886609E-01    0.7258087714E-01
         256.40    0.6728386073E-01    0.5740959058E-02    0.7302481979E-01    0.7258171477E-01
         256.89    0.7102070418E-01    0.1999533943E-02    0.7302023812E-01    0.7258254061E-01
         257.37    0.7156182304E-01    0.1458997145E-02    0.7302082019E-01    0.7258336445E-01
         257.85    0.6889900992E-01    0.4127056265E-02    0.7302606618E-01    0.7258419503E-01
         258.34    0.6295380810E-01    0.1007672975E-01    0.7303053785E-01    0.7258503088E-01
         258.82    0.5366034097E-01    0.1936098001E-01    0.7302132099E-01    0.7258584638E-01
         259.30    0.4115932282E-01    0.3181073766E-01    0.7297006048E-01    0.7258656319E-01
         259.79    0.2621505187E-01    0.4660119579E-01    0.7281624766E-01    0.7258699091E-01
         260.27    0.1107321054E-01    0.6137142808E-01    0.7244463862E-01    0.7258672632E-01
         260.76    0.9602211322E-03    0.7075568224E-01    0.7171590338E-01    0.7258511069E-01
         261.24    0.5292595730E-02    0.6553727880E-01    0.7082987453E-01    0.7258186025E-01
         261.72    0.3243507303E-01    0.3890324306E-01    0.7133831610E-01    0.7257956165E-01
         262.21    0.6716020254E-01    0.7228837987E-02    0.7438904053E-01    0.7258290017E-01
         262.69    0.6639452419E-01    0.7824315412E-02    0.7421883960E-01    0.7258591295E-01
         263.17    0.3218564374E-01    0.3908392358E-01    0.7126956732E-01    0.7258349320E-01
         263.66    0.6940863729E-02    0.6399315268E-01    0.7093401640E-01    0.7258046663E-01
         264.14    0.3440039106E-02    0.6836898186E-01    0.7180902097E-01    0.7257905373E-01
         264.63    0.1316807957E-01    0.5931413006E-01    0.7248220963E-01    0.7257887668E-01
         265.11    0.2741830934E-01    0.4539681894E-01    0.7281512828E-01    0.7257930780E-01
         265.59    0.4152777147E-01    0.3142414300E-01    0.7295191447E-01    0.7257998650E-01
         266.08    0.5351465636E-01    0.1948630847E-01    0.7300096482E-01    0.7258075192E-01
         266.56    0.6265528254E-01    0.1036054510E-01    0.7301582763E-01    0.7258154153E-01
         267.04    0.6872559229E-01    0.4293817968E-02    0.7301941025E-01    0.7258233477E-01
         267.53    0.7166780177E-01    0.1352871519E-02    0.7302067329E-01    0.7258312742E-01
         268.01    0.7145939465E-01    0.1563137248E-02    0.7302253190E-01    0.7258392057E-01
         268.50    0.6807106402E-01    0.4953640011E-02    0.7302470403E-01    0.7258471478E-01
         268.98    0.6147160725E-01    0.1155179014E-01    0.7302339738E-01    0.7258550377E-01
         269.46    0.5168436288E-01    0.2132328203E-01    0.7300764491E-01    0.7258626166E-01
         269.95    0.3894900942E-01    0.3400086500E-01    0.7294987442E-01    0.7258691329E-01
         270.43    0.2412331227E-01    0.4866302521E-01    0.7278633748E-01    0.7258727005E-01
         270.92    0.9581784603E-02    0.6280934593E-01    0.7239113053E-01    0.7258691980E-01
         271.40    0.8367169174E-03    0.7078121380E-01    0.7161793072E-01    0.7258519254E-01
         271.88    0.7692903817E-02    0.6305438773E-01    0.7074729155E-01    0.7258192226E-01
         272.37    0.3752631681E-01    0.3406244563E-01    0.7158876244E-01    0.7258015821E-01
         272.85    0.7013334000E-01    0.4651097378E-02    0.7478443738E-01    0.7258406650E-01
         273.33    0.6186996428E-01    0.1193659561E-01    0.7380655989E-01    0.7258623021E-01
         273.82    0.2498394360E-01    0.4594058262E-01    0.7092452622E-01    0.7258329434E-01
         274.30    0.2610856110E-02    0.6833024390E-01    0.7094110001E-01    0.7258039805E-01
         274.79    0.2712617401E-02    0.6918999809E-01    0.7190261549E-01    0.7257920477E-01
         275.27    0.1498125143E-01    0.5758166725E-01    0.7256291868E-01    0.7257917615E-01
         275.75    0.3064069921E-01    0.4223357915E-01    0.7287427836E-01    0.7257969387E-01
         276.24    0.4525406614E-01    0.2774103340E-01    0.7299509954E-01    0.7258042138E-01
         276.72    0.5704150196E-01    0.1599047408E-01    0.7303197604E-01    0.7258121081E-01
         277.20    0.6544702798E-01    0.7589833531E-02    0.7303686151E-01    0.7258200601E-01
         277.69    0.7039245894E-01    0.2640122826E-02    0.7303258177E-01    0.7258279099E-01
         278.17    0.7194029264E-01    0.1088123350E-02    0.7302841599E-01    0.7258356599E-01
         278.66    0.7015438300E-01    0.2872710196E-02    0.7302709320E-01    0.7258433600E-01
         279.14    0.6505799541E-01    0.7968830698E-02    0.7302682611E-01    0.7258510288E-01
         279.62    0.5665973058E-01    0.1635989154E-01    0.7301962212E-01    0.7258585464E-01
         280.11    0.4507236918E-01    0.2791249038E-01    0.7298485956E-01    0.7258654377E-01
         280.59    0.3081724302E-01    0.4205781144E-01    0.7287505445E-01    0.7258704120E-01
         281.07    0.1550748879E-01    0.5708539299E-01    0.7259288178E-01    0.7258705125E-01
         281.56    0.3164984197E-02    0.6882602786E-01    0.7199101206E-01    0.7258602713E-01
         282.04    0.1841625546E-02    0.6923905502E-01    0.7108068057E-01    0.7258344506E-01
         282.53    0.2164588341E-01    0.4924101847E-01    0.7088690188E-01    0.7258054002E-01
         283.01    0.5788558817E-01    0.1550934865E-01    0.7339493682E-01    0.7258193215E-01
         283.49    0.7150732319E-01    0.3415973213E-02    0.7492329640E-01    0.7258592766E-01
         283.98    0.4316204732E-01    0.2883118026E-01    0.7199322758E-01    0.7258491795E-01
         284.46    0.1198577616E-01    0.5880314858E-01    0.7078892474E-01    0.7258186354E-01
         284.94    0.2401633082E-02    0.6912342500E-01    0.7152505808E-01    0.7258006930E-01
         285.43    0.9414707550E-02    0.6290266667E-01    0.7231737422E-01    0.7257962405E-01
         285.91    0.2323707238E-01    0.4951392450E-01    0.7275099688E-01    0.7257991402E-01
         286.40    0.3788503579E-01    0.3505358619E-01    0.7293862198E-01    0.7258051995E-01
         286.88    0.5065190637E-01    0.2235406241E-01    0.7300596878E-01    0.7258123740E-01
         287.36    0.6054488889E-01    0.1247743522E-01    0.7302232411E-01    0.7258197997E-01
         287.85    0.6732008470E-01    0.5700216183E-02    0.7302030088E-01    0.7258271664E-01
         288.33    0.7100816379E-01    0.2006468468E-02    0.7301463226E-01    0.7258344134E-01
         288.81    0.7169503993E-01    0.1316783762E-02    0.7301182369E-01    0.7258415889E-01
         289.30    0.6942337722E-01    0.3590660143E-02    0.7301403736E-01    0.7258487775E-01
         289.78    0.6415949164E-01    0.8859953664E-02    0.7301944531E-01    0.7258560324E-01
         290.27    0.5582117962E-01    0.1719829461E-01    0.7301947423E-01    0.7258632636E-01
         290.75    0.4440709242E-01    0.2858460947E-01    0.7299170189E-01    0.7258700086E-01
         291.23    0.3032942525E-01    0.4255572278E-01    0.7288514803E-01    0.7258749612E-01
         291.72    0.1514874098E-01    0.5744737734E-01    0.7259611831E-01    0.7258751042E-01
         292.20    0.2976735525E-02    0.6899002266E-01    0.7196675819E-01    0.7258648269E-01
         292.69    0.2199770357E-02    0.6881329608E-01    0.7101306644E-01    0.7258388200E-01
         293.17    0.2323348262E-01    0.4764228855E-01    0.7087577116E-01    0.7258106333E-01
         293.65    0.5994464109E-01    0.1367937596E-01    0.7362401705E-01    0.7258278154E-01
         294.14    0.7036380035E-01    0.4531894380E-02    0.7489569473E-01    0.7258658568E-01
         294.62    0.3862851065E-01    0.3306541822E-01    0.7169392887E-01    0.7258511990E-01
         295.10    0.7932322604E-02    0.6275289740E-01    0.7068522001E-01    0.7258200531E-01
         295.59    0.6922270471E-03    0.7086002171E-01    0.7155224876E-01    0.7258031995E-01
         296.07    0.9870178628E-02    0.6250018092E-01    0.7237035955E-01    0.7257997688E-01
         296.56    0.2510803237E-01    0.4768862927E-01    0.7279666164E-01    0.7258033036E-01
         297.04    0.4044504805E-01    0.3252697660E-01    0.7297202465E-01    0.7258096830E-01
         297.52    0.5332388827E-01    0.1970525262E-01    0.7302914089E-01    0.7258169704E-01
         298.01    0.6289163680E-01    0.1014709787E-01    0.7303873467E-01    0.7258243898E-01
         298.49    0.6900049570E-01    0.4033075496E-02    0.7303357120E-01    0.7258317015E-01
         298.97    0.7172635895E-01    0.1301513186E-02    0.7302787214E-01    0.7258388973E-01
         299.46    0.7115552037E-01    0.1871200636E-02    0.7302672101E-01    0.7258460513E-01
         299.94    0.6730723938E-01    0.5722266161E-02    0.7302950554E-01    0.7258532271E-01
         300.43    0.6014241799E-01    0.1288718834E-01    0.7302960633E-01    0.7258603814E-01
         300.91    0.4966300438E-01    0.2334716202E-01    0.7301016640E-01    0.7258672002E-01
         301.39    0.3616300926E-01    0.3677052785E-01    0.7293353711E-01    0.7258727671E-01
         301.88    0.2077708531E-01    0.5194430265E-01    0.7272138796E-01    0.7258749163E-01
         302.36    0.6569486547E-02    0.6566915880E-01    0.7223864535E-01    0.7258693348E-01
         302.84    0.1837097503E-03    0.7120968203E-01    0.7139339178E-01    0.7258502686E-01
         303.33    0.1191181610E-01    0.5882777875E-01    0.7073959486E-01    0.7258208359E-01
         303.81    0.4509986389E-01    0.2717975827E-01    0.7227962215E-01    0.7258160196E-01
         304.30    0.7135580429E-01    0.3650583680E-02    0.7500638797E-01    0.7258545695E-01
         304.78    0.5487752029E-01    0.1816673165E-01    0.7304425194E-01    0.7258618520E-01
         305.26    0.2060913841E-01    0.5027010267E-01    0.7087924108E-01    0.7258348005E-01
         305.75    0.3916589575E-02    0.6732715122E-01    0.7124374079E-01    0.7258136021E-01
         306.23    0.6597590712E-02    0.6551273960E-01    0.7211033032E-01    0.7258061609E-01
         306.71    0.1877001788E-01    0.5387778997E-01    0.7264780785E-01    0.7258072207E-01
         307.20    0.3321471550E-01    0.3967624029E-01    0.7289095579E-01    0.7258121063E-01
         307.68    0.4647395869E-01    0.2650783548E-01    0.7298179418E-01    0.7258184048E-01
         308.17    0.5722384629E-01    0.1578472688E-01    0.7300857317E-01    0.7258251039E-01
         308.65    0.6507034941E-01    0.7942948285E-02    0.7301329769E-01    0.7258318560E-01
         309.13    0.6994354972E-01    0.3069991647E-02    0.7301354137E-01    0.7258385909E-01
         309.62    0.7183831889E-01    0.1177242525E-02    0.7301556141E-01    0.7258453362E-01
         310.10    0.7072165085E-01    0.2298812237E-02    0.7302046308E-01    0.7258521370E-01
         310.58    0.6651738693E-01    0.6508798485E-02    0.7302618541E-01    0.7258590057E-01
         311.07    0.5913865296E-01    0.1388773625E-01    0.7302638921E-01    0.7258658562E-01
         311.55    0.4858383968E-01    0.2442173643E-01    0.7300557612E-01    0.7258723623E-01
         312.04    0.3516656398E-01    0.3776109787E-01    0.7292766185E-01    0.7258776402E-01
         312.52    0.2003882777E-01    0.5267549865E-01    0.7271432642E-01    0.7258795994E-01
         313.00    0.6275229828E-02    0.6595070697E-01    0.7222593680E-01    0.7258740040E-01
         313.49    0.5695229262E-03    0.7079518350E-01    0.7136470643E-01    0.7258551352E-01
         313.97    0.1329558532E-01    0.5742794768E-01    0.7072353300E-01    0.7258264452E-01
         314.45    0.4719070252E-01    0.2522623605E-01    0.7241693857E-01    0.7258238959E-01
         314.94    0.7165755451E-01    0.3460516852E-02    0.7511807136E-01    0.7258628465E-01
         315.42    0.5166883774E-01    0.2116004353E-01    0.7282888127E-01    0.7258665673E-01
         315.91    0.1646664184E-01    0.5425917847E-01    0.7072582032E-01    0.7258380705E-01
         316.39    0.1249207532E-02    0.6997396758E-01    0.7122317512E-01    0.7258172658E-01
         316.87    0.5922408408E-02    0.6621366521E-01    0.7213607362E-01    0.7258104619E-01
         317.36    0.1974556098E-01    0.5293458486E-01    0.7268014584E-01    0.7258119726E-01
         317.84    0.3530074025E-01    0.3761976736E-01    0.7292050761E-01    0.7258171371E-01
         318.33    0.4912478209E-01    0.2388335411E-01    0.7300813620E-01    0.7258236177E-01
         318.81    0.5991893358E-01    0.1311366302E-01    0.7303259660E-01    0.7258304498E-01
         319.29    0.6731173858E-01    0.5723797865E-02    0.7303553645E-01    0.7258373057E-01
         319.78    0.7125380366E-01    0.1780408372E-02    0.7303421203E-01    0.7258441209E-01
         320.26    0.7176185607E-01    0.1272686594E-02    0.7303454266E-01    0.7258509204E-01
         320.74    0.6883052336E-01    0.4206059401E-02    0.7303658276E-01    0.7258577302E-01
         321.23    0.6243199188E-01    0.1060341112E-01    0.7303540300E-01    0.7258645018E-01
         321.71    0.5259012272E-01    0.2042789498E-01    0.7301801770E-01    0.7258709915E-01
         322.20    0.3957337965E-01    0.3338127291E-01    0.7295465256E-01    0.7258765103E-01
         322.68    0.2432961371E-01    0.4845142551E-01    0.7278103922E-01    0.7258794097E-01
         323.16    0.9390028233E-02    0.6298773480E-01    0.7237776304E-01    0.7258762633E-01
         323.65    0.3916379784E-03    0.7123016578E-01    0.7162180376E-01    0.7258618265E-01
         324.13    0.6933286290E-02    0.6388489366E-01    0.7081817995E-01    0.7258354384E-01
         324.61    0.3577965367E-01    0.3587233654E-01    0.7165199021E-01    0.7258215554E-01
         325.10    0.6767175622E-01    0.6948827487E-02    0.7462058371E-01    0.7258518891E-01
         325.58    0.6185719555E-01    0.1198544099E-01    0.7384263654E-01    0.7258705733E-01
         326.07    0.2800917039E-01    0.4315507403E-01    0.7116424442E-01    0.7258494633E-01
         326.55    0.5948280168E-02    0.6511605393E-01    0.7106433410E-01    0.7258269358E-01
         327.03    0.4623958677E-02    0.6729336427E-01    0.7191732295E-01    0.7258170930E-01
         327.52    0.1524401501E-01    0.5729291709E-01    0.7253693209E-01    0.7258164316E-01
         328.00    0.2969412829E-01    0.4314853169E-01    0.7284265998E-01    0.7258202814E-01
         328.48    0.4366368524E-01    0.2930602950E-01    0.7296971475E-01    0.7258259911E-01
         328.97    0.5529913075E-01    0.1771534937E-01    0.7301448013E-01    0.7258323423E-01
         329.45    0.6393336245E-01    0.9091655357E-02    0.7302501781E-01    0.7258388295E-01
         329.94    0.6940532108E-01    0.3617681978E-02    0.7302300306E-01    0.7258452682E-01
         330.42    0.7174378278E-01    0.1274212037E-02    0.7301799481E-01    0.7258516148E-01
         330.90    0.7102503994E-01    0.1989149337E-02    0.7301418928E-01    0.7258578871E-01
         331.39    0.6730865276E-01    0.5704197370E-02    0.7301285013E-01    0.7258641216E-01
         331.87    0.6061667499E-01    0.1239495709E-01    0.7301163208E-01    0.7258703201E-01
         332.35    0.5096757641E-01    0.2203254424E-01    0.7300012065E-01    0.7258763331E-01
         332.84    0.3853128957E-01    0.3441789067E-01    0.7294918024E-01    0.7258815881E-01
         333.32    0.2405716126E-01    0.4873369026E-01    0.7279085152E-01    0.7258845299E-01
         333.81    0.9835204770E-02    0.6256019995E-01    0.7239540472E-01    0.7258817321E-01
         334.29    0.1363226800E-02    0.7026084218E-01    0.7162406898E-01    0.7258677798E-01
         334.77    0.8368287009E-02    0.6242446681E-01    0.7079275382E-01    0.7258418546E-01
         335.26    0.3764471757E-01    0.3406475397E-01    0.7170947154E-01    0.7258292325E-01
         335.74    0.6838047199E-01    0.6394329823E-02    0.7477480181E-01    0.7258608158E-01
         336.22    0.5900501233E-01    0.1467032181E-01    0.7367533413E-01    0.7258764885E-01
         336.71    0.2333071394E-01    0.4761169489E-01    0.7094240883E-01    0.7258528500E-01
         337.19    0.2567089689E-02    0.6843704168E-01    0.7100413137E-01    0.7258301648E-01
         337.68    0.3638962489E-02    0.6830577464E-01    0.7194473713E-01    0.7258210204E-01
         338.16    0.1633353481E-01    0.5625351671E-01    0.7258705152E-01    0.7258210912E-01
         338.64    0.3208344614E-01    0.4080569570E-01    0.7288914184E-01    0.7258254774E-01
         339.13    0.4657599649E-01    0.2642840120E-01    0.7300439769E-01    0.7258314952E-01
         339.61    0.5811115506E-01    0.1492602118E-01    0.7303717624E-01    0.7258379629E-01
         340.10    0.6619379233E-01    0.6845646080E-02    0.7303943841E-01    0.7258444443E-01
         340.58    0.7078523144E-01    0.2249305996E-02    0.7303453744E-01    0.7258508376E-01
         341.06    0.7195714924E-01    0.1074719576E-02    0.7303186882E-01    0.7258571750E-01
         341.55    0.6975017694E-01    0.3283242629E-02    0.7303341957E-01    0.7258635164E-01
         342.03    0.6414352723E-01    0.8891959741E-02    0.7303548697E-01    0.7258698691E-01
         342.51    0.5511056429E-01    0.1791601639E-01    0.7302658068E-01    0.7258760780E-01
         343.00    0.4279068135E-01    0.3018954180E-01    0.7298022315E-01    0.7258816156E-01
         343.48    0.2787942120E-01    0.4496002664E-01    0.7283944784E-01    0.7258851549E-01
         343.97    0.1244067277E-01    0.6005425033E-01    0.7249492310E-01    0.7258838385E-01
         344.45    0.1346596289E-02    0.7046124100E-01    0.7180783729E-01    0.7258728758E-01
         344.93    0.3580038194E-02    0.6734586321E-01    0.7092590140E-01    0.7258495744E-01
         345.42    0.2795915399E-01    0.4327405517E-01    0.7123320916E-01    0.7258306424E-01
         345.90    0.6250303462E-01    0.1160194878E-01    0.7410498340E-01    0.7258519280E-01
         346.38    0.6584932854E-01    0.8551977014E-02    0.7440130556E-01    0.7258772927E-01
         346.87    0.3418894182E-01    0.3730169032E-01    0.7149063214E-01    0.7258619915E-01
         347.35    0.8381312294E-02    0.6256031327E-01    0.7094162557E-01    0.7258390865E-01
         347.84    0.3869159207E-02    0.6789902847E-01    0.7176818767E-01    0.7258277413E-01
         348.32    0.1311436041E-01    0.5934747490E-01    0.7246183531E-01    0.7258260616E-01
         348.80    0.2724675562E-01    0.4556860381E-01    0.7281535942E-01    0.7258292898E-01
         349.29    0.4133208490E-01    0.3162846269E-01    0.7296054758E-01    0.7258345200E-01
         349.77    0.5326797857E-01    0.1974071641E-01    0.7300869499E-01    0.7258404016E-01
         350.25    0.6234504672E-01    0.1067317804E-01    0.7301822476E-01    0.7258463987E-01
         350.74    0.6842188907E-01    0.4594061219E-02    0.7301595029E-01    0.7258523478E-01
         351.22    0.7153262057E-01    0.1480654022E-02    0.7301327460E-01    0.7258582436E-01
         351.71    0.7171692317E-01    0.1297375042E-02    0.7301429821E-01    0.7258641374E-01
         352.19    0.6895842795E-01    0.4060687991E-02    0.7301911595E-01    0.7258700811E-01
         352.67    0.6318362920E-01    0.9840439859E-02    0.7302406906E-01    0.7258760764E-01
         353.16    0.5431759815E-01    0.1870139689E-01    0.7301899504E-01    0.7258819858E-01
         353.64    0.4243644563E-01    0.3054332617E-01    0.7297977179E-01    0.7258873425E-01
         354.12    0.2812253599E-01    0.4473005459E-01    0.7285259057E-01    0.7258909471E-01
         354.61    0.1323173194E-01    0.5929844365E-01    0.7253017559E-01    0.7258901433E-01
         355.09    0.2313366006E-02    0.6955185894E-01    0.7186522494E-01    0.7258802824E-01
         355.58    0.4063174227E-02    0.6690138022E-01    0.7096455445E-01    0.7258581943E-01
         356.06    0.2761306807E-01    0.4355853955E-01    0.7117160762E-01    0.7258389795E-01
         356.54    0.6209286782E-01    0.1197003444E-01    0.7406290225E-01    0.7258590474E-01
         357.03    0.6548731914E-01    0.9006992611E-02    0.7449431175E-01    0.7258849066E-01
         357.51    0.3248525028E-01    0.3893880552E-01    0.7142405580E-01    0.7258691497E-01
         357.99    0.5812591503E-02    0.6500749095E-01    0.7082008245E-01    0.7258452736E-01
         358.48    0.1921822502E-02    0.6978673312E-01    0.7170855562E-01    0.7258334521E-01
         358.96    0.1254452524E-01    0.5991146805E-01    0.7245599329E-01    0.7258317357E-01
         359.45    0.2801756093E-01    0.4481597223E-01    0.7283353316E-01    0.7258351053E-01
         359.93    0.4301709125E-01    0.2996689405E-01    0.7298398530E-01    0.7258404880E-01
         360.41    0.5533767408E-01    0.1769214020E-01    0.7302981427E-01    0.7258464715E-01
         360.90    0.6429115365E-01    0.8744985201E-02    0.7303613885E-01    0.7258525236E-01
         361.38    0.6977794087E-01    0.3254844045E-02    0.7303278491E-01    0.7258585147E-01
         361.87    0.7184607087E-01    0.1185485805E-02    0.7303155668E-01    0.7258644733E-01
         362.35    0.7051347278E-01    0.2521517706E-02    0.7303499049E-01    0.7258704619E-01
         362.83    0.6572948729E-01    0.7310099936E-02    0.7303958723E-01    0.7258764958E-01
         363.32    0.5742817726E-01    0.1560666023E-01    0.7303483750E-01    0.7258824503E-01
         363.80    0.4568675785E-01    0.2731054540E-01    0.7299730325E-01    0.7258878899E-01
         364.28    0.3107273404E-01    0.4180433673E-01    0.7287707076E-01    0.7258917184E-01
         364.77    0.1536078832E-01    0.5721577897E-01    0.7257656728E-01    0.7258915512E-01
         365.25    0.2841284673E-02    0.6911675832E-01    0.7195804300E-01    0.7258831921E-01
         365.74    0.1764109689E-02    0.6931290921E-01    0.7107701890E-01    0.7258632014E-01
         366.22    0.2171846111E-01    0.4930634861E-01    0.7102480972E-01    0.7258425738E-01
         366.70    0.5634377147E-01    0.1719402398E-01    0.7353779545E-01    0.7258551534E-01
         367.19    0.6749793347E-01    0.7217573898E-02    0.7471550737E-01    0.7258832166E-01
         367.67    0.4020006807E-01    0.3173983223E-01    0.7193990030E-01    0.7258746847E-01
         368.15    0.1190983189E-01    0.5902032695E-01    0.7093015885E-01    0.7258529066E-01
         368.64    0.3907070180E-02    0.6772998157E-01    0.7163705175E-01    0.7258404626E-01
         369.12    0.1106950972E-01    0.6129329672E-01    0.7236280644E-01    0.7258375630E-01
         369.61    0.2441300994E-01    0.4834214313E-01    0.7275515307E-01    0.7258398064E-01
         370.09    0.3853578542E-01    0.3439013310E-01    0.7292591852E-01    0.7258442761E-01
         370.57    0.5098325489E-01    0.2200851480E-01    0.7299176969E-01    0.7258495939E-01
         371.06    0.6078717906E-01    0.1222724866E-01    0.7301442772E-01    0.7258551933E-01
         371.54    0.6760709259E-01    0.5413894329E-02    0.7302098692E-01    0.7258608634E-01
         372.02    0.7133980071E-01    0.1682571778E-02    0.7302237249E-01    0.7258665368E-01
         372.51    0.7196056213E-01    0.1062035638E-02    0.7302259777E-01    0.7258721984E-01
         372.99    0.6946495732E-01    0.3557485763E-02    0.7302244308E-01    0.7258778434E-01
         373.48    0.6385755711E-01    0.9162443122E-02    0.7302000023E-01    0.7258834420E-01
         373.96    0.5517947523E-01    0.1782895841E-01    0.7300843364E-01    0.7258888765E-01
         374.44    0.4360815773E-01    0.2936110726E-01    0.7296926500E-01    0.7258937910E-01
         374.93    0.2972685052E-01    0.4313059191E-01    0.7285744244E-01    0.7258972499E-01
         375.41    0.1516757122E-01    0.5740953140E-01    0.7257710261E-01    0.7258970872E-01
         375.89    0.3895652482E-02    0.6808797950E-01    0.7198363199E-01    0.7258892870E-01
         376.38    0.3749771754E-02    0.6736538387E-01    0.7111515562E-01    0.7258703439E-01
         376.86    0.2401195748E-01    0.4705931432E-01    0.7107127180E-01    0.7258508861E-01
         377.35    0.5790718903E-01    0.1573167939E-01    0.7363886842E-01    0.7258643961E-01
         377.83    0.6658716090E-01    0.8129533608E-02    0.7471669451E-01    0.7258916721E-01
         378.31    0.3660744107E-01    0.3516212786E-01    0.7176956894E-01    0.7258811913E-01
         378.80    0.7868563548E-02    0.6293230176E-01    0.7080086531E-01    0.7258583656E-01
         379.28    0.1373315497E-02    0.7022246901E-01    0.7159578451E-01    0.7258457373E-01
         379.76    0.1071683775E-01    0.6166062715E-01    0.7237746490E-01    0.7258430990E-01
         380.25    0.2600393933E-01    0.4679169553E-01    0.7279563486E-01    0.7258457876E-01
         380.73    0.4138339734E-01    0.3158900505E-01    0.7297240240E-01    0.7258507155E-01
         381.22    0.5427162583E-01    0.1876115844E-01    0.7303278427E-01    0.7258563971E-01
         381.70    0.6376201116E-01    0.9283282397E-02    0.7304529356E-01    0.7258622229E-01
         382.18    0.6965899117E-01    0.3383188650E-02    0.7304217982E-01    0.7258679945E-01
         382.67    0.7200491789E-01    0.1032636533E-02    0.7303755443E-01    0.7258736931E-01
         383.15    0.7086874608E-01    0.2167655353E-02    0.7303640143E-01    0.7258793627E-01
         383.64    0.6627024987E-01    0.6767363260E-02    0.7303761313E-01    0.7258850333E-01
         384.12    0.5819616947E-01    0.1483661112E-01    0.7303278059E-01    0.7258906287E-01
         384.60    0.4672613449E-01    0.2627414316E-01    0.7300027765E-01    0.7258958012E-01
         385.09    0.3235317506E-01    0.4053892647E-01    0.7289210154E-01    0.7258996017E-01
         385.57    0.1667661540E-01    0.5593622708E-01    0.7261284248E-01    0.7258998888E-01
         386.05    0.3695635137E-02    0.6832634937E-01    0.7202198450E-01    0.7258927710E-01
         386.54    0.1350065241E-02    0.6978927894E-01    0.7113934418E-01    0.7258746241E-01
         387.02    0.1952116604E-01    0.5143232419E-01    0.7095349023E-01    0.7258541995E-01
         387.51    0.5391528797E-01    0.1940984750E-01    0.7332513547E-01    0.7258634344E-01
         387.99    0.6766528178E-01    0.7162670543E-02    0.7482795232E-01    0.7258913846E-01
         388.47    0.4166364822E-01    0.3043563923E-01    0.7209928745E-01    0.7258852843E-01
         388.96    0.1222633895E-01    0.5866745066E-01    0.7089378961E-01    0.7258642055E-01
         389.44    0.3154660625E-02    0.6841534113E-01    0.7157000175E-01    0.7258515792E-01
         389.92    0.1010630003E-01    0.6222670817E-01    0.7233300820E-01    0.7258484508E-01
         390.41    0.2371090342E-01    0.4904518971E-01    0.7275609313E-01    0.7258505728E-01
         390.89    0.3814711761E-01    0.3479279867E-01    0.7293991628E-01    0.7258549646E-01
         391.38    0.5076749056E-01    0.2223852471E-01    0.7300601527E-01    0.7258601626E-01
         391.86    0.6059836344E-01    0.1242401753E-01    0.7302238097E-01    0.7258655499E-01
         392.34    0.6739546111E-01    0.5625534076E-02    0.7302099519E-01    0.7258709067E-01
         392.83    0.7117942895E-01    0.1836637125E-02    0.7301606607E-01    0.7258761897E-01
         393.31    0.7202467761E-01    0.9889286263E-03    0.7301360624E-01    0.7258814293E-01
         393.79    0.6996859770E-01    0.3046820360E-02    0.7301541806E-01    0.7258866784E-01
         394.28    0.6498401179E-01    0.8035722976E-02    0.7301973476E-01    0.7258919676E-01
         394.76    0.5700590325E-01    0.1601312660E-01    0.7301902984E-01    0.7258972352E-01
         395.25    0.4604463613E-01    0.2694929966E-01    0.7299393579E-01    0.7259021827E-01
         395.73    0.3247283098E-01    0.4042761003E-01    0.7290044101E-01    0.7259059751E-01
         396.21    0.1765978378E-01    0.5498872703E-01    0.7264851080E-01    0.7259066822E-01
         396.70    0.5195214020E-02    0.6690169993E-01    0.7209691395E-01    0.7259006609E-01
         397.18    0.2481385378E-02    0.6874652022E-01    0.7122790560E-01    0.7258840694E-01
         397.66    0.1934331079E-01    0.5158478087E-01    0.7092809167E-01    0.7258638709E-01
         398.15    0.5307398993E-01    0.2009357912E-01    0.7316756905E-01    0.7258709326E-01
         398.63    0.6788798592E-01    0.7036726682E-02    0.7492471260E-01    0.7258993018E-01
         399.12    0.4157287804E-01    0.3059422551E-01    0.7216710356E-01    0.7258941766E-01
         399.60    0.1048673362E-01    0.6028902531E-01    0.7077575893E-01    0.7258722195E-01
         400.08    0.9200774479E-03    0.7054272732E-01    0.7146280477E-01    0.7258586232E-01
         400.57    0.8694570013E-02    0.6359505697E-01    0.7228962698E-01    0.7258550455E-01
         401.05    0.2360670961E-01    0.4914789246E-01    0.7275460207E-01    0.7258570852E-01
         401.53    0.3920989683E-01    0.3374706292E-01    0.7295695975E-01    0.7258615581E-01
         402.02    0.5256048851E-01    0.2046815336E-01    0.7302864187E-01    0.7258668829E-01
         402.50    0.6258624721E-01    0.1045895071E-01    0.7304519792E-01    0.7258723938E-01
         402.99    0.6903064666E-01    0.4012333207E-02    0.7304297987E-01    0.7258778649E-01
         403.47    0.7192165193E-01    0.1116692083E-02    0.7303834402E-01    0.7258832673E-01
         403.95    0.7132752047E-01    0.1709929977E-02    0.7303745045E-01    0.7258886460E-01
         404.44    0.6726354815E-01    0.5776224380E-02    0.7303977253E-01    0.7258940396E-01
         404.92    0.5969945202E-01    0.1333802448E-01    0.7303747650E-01    0.7258993929E-01
         405.41    0.4867664811E-01    0.2433379355E-01    0.7301044167E-01    0.7259044109E-01
         405.89    0.3460683775E-01    0.3830759110E-01    0.7291442885E-01    0.7259082725E-01
         406.37    0.1891291674E-01    0.5374781838E-01    0.7266073512E-01    0.7259091047E-01
         406.86    0.5243295101E-02    0.6686805383E-01    0.7211134894E-01    0.7259034024E-01
         407.34    0.1051693922E-02    0.7019227130E-01    0.7124396523E-01    0.7258874122E-01
         407.82    0.1638446861E-01    0.5450162649E-01    0.7088609509E-01    0.7258672147E-01
         408.31    0.4980678188E-01    0.2316100293E-01    0.7296778481E-01    0.7258717297E-01
         408.79    0.6752107863E-01    0.7374519566E-02    0.7489559820E-01    0.7258990484E-01
         409.28    0.4482602028E-01    0.2757010850E-01    0.7239612878E-01    0.7258967579E-01
         409.76    0.1439205147E-01    0.5651348327E-01    0.7090553475E-01    0.7258768743E-01
         410.24    0.3356569346E-02    0.6813510260E-01    0.7149167195E-01    0.7258639495E-01
         410.73    0.9103006318E-02    0.6317697819E-01    0.7227998450E-01    0.7258603405E-01
         411.21    0.2215767456E-01    0.5057076914E-01    0.7272844370E-01    0.7258620159E-01
         411.69    0.3640351103E-01    0.3651819187E-01    0.7292170291E-01    0.7258659583E-01
         412.18    0.4907443355E-01    0.2391588414E-01    0.7299031769E-01    0.7258706968E-01
         412.66    0.5916761799E-01    0.1384184702E-01    0.7300946501E-01    0.7258756487E-01
         413.15    0.6640115428E-01    0.6612084490E-02    0.7301323877E-01    0.7258806332E-01
         413.63    0.7071871794E-01    0.2296128118E-02    0.7301484606E-01    0.7258856248E-01
         414.11    0.7209418956E-01    0.9240351131E-03    0.7301822468E-01    0.7258906442E-01
         414.60    0.7047402634E-01    0.2549234356E-02    0.7302326070E-01    0.7258957107E-01
         415.08    0.6578075347E-01    0.7246371808E-02    0.7302712527E-01    0.7259008104E-01
         415.56    0.5795694638E-01    0.1506572915E-01    0.7302267553E-01    0.7259058464E-01
         416.05    0.4707246561E-01    0.2592064066E-01    0.7299310627E-01    0.7259105269E-01
         416.53    0.3357165728E-01    0.3932838800E-01    0.7290004528E-01    0.7259141157E-01
         417.02    0.1882373903E-01    0.5383902486E-01    0.7266276389E-01    0.7259149434E-01
         417.50    0.6219467146E-02    0.6592971246E-01    0.7214917961E-01    0.7259098181E-01
         417.98    0.2684236424E-02    0.6863788648E-01    0.7132212291E-01    0.7258951322E-01
         418.47    0.1773797091E-01    0.5320321506E-01    0.7094118597E-01    0.7258760764E-01
         418.95    0.5032187888E-01    0.2260533932E-01    0.7292721819E-01    0.7258799980E-01
         419.43    0.6764036462E-01    0.7291170084E-02    0.7493153471E-01    0.7259070284E-01
         419.92    0.4410983991E-01    0.2832252368E-01    0.7243236358E-01    0.7259052042E-01
         420.40    0.1234648112E-01    0.5847487207E-01    0.7082135319E-01    0.7258848456E-01
         420.89    0.9633788823E-03    0.7043736989E-01    0.7140074877E-01    0.7258711934E-01
         421.37    0.7546013403E-02    0.6468771756E-01    0.7223373096E-01    0.7258671362E-01
         421.85    0.2200521633E-01    0.5071599272E-01    0.7272120904E-01    0.7258686785E-01
         422.34    0.3762808459E-01    0.3531056757E-01    0.7293865216E-01    0.7258727081E-01
         422.82    0.5126200316E-01    0.2175738659E-01    0.7301938975E-01    0.7258776523E-01
         423.30    0.6170146352E-01    0.1134074871E-01    0.7304221223E-01    0.7258828460E-01
         423.79    0.6859442010E-01    0.4450310510E-02    0.7304473061E-01    0.7258880565E-01
         424.27    0.7189503820E-01    0.1148192834E-02    0.7304323104E-01    0.7258932381E-01
         424.76    0.7162192375E-01    0.1421570066E-02    0.7304349382E-01    0.7258984109E-01
         425.24    0.6777155827E-01    0.5273459507E-02    0.7304501777E-01    0.7259035893E-01
         425.72    0.6032586784E-01    0.1271487588E-01    0.7304074372E-01    0.7259087073E-01
         426.21    0.4935789404E-01    0.2365424650E-01    0.7301214055E-01    0.7259134890E-01
         426.69    0.3530626027E-01    0.3761106065E-01    0.7291732092E-01    0.7259171848E-01
         427.17    0.1958164348E-01    0.5308878976E-01    0.7267043324E-01    0.7259180763E-01
         427.66    0.5744553079E-02    0.6639015900E-01    0.7213471208E-01    0.7259129055E-01
         428.14    0.1089869401E-02    0.7018646236E-01    0.7127633176E-01    0.7258980472E-01
         428.63    0.1565818955E-01    0.5521647546E-01    0.7087466501E-01    0.7258786890E-01
         429.11    0.4879049781E-01    0.2407803133E-01    0.7286852913E-01    0.7258818531E-01
         429.59    0.6763947930E-01    0.7284445304E-02    0.7492392461E-01    0.7259081565E-01
         430.08    0.4579025101E-01    0.2671792806E-01    0.7250817907E-01    0.7259072270E-01
         430.56    0.1465424999E-01    0.5625618887E-01    0.7091043886E-01    0.7258883474E-01
         431.05    0.2623257860E-02    0.6882589489E-01    0.7144915275E-01    0.7258755563E-01
         431.53    0.7896619789E-02    0.6434525292E-01    0.7224187270E-01    0.7258716809E-01
         432.01    0.2103022753E-01    0.5167705200E-01    0.7270727953E-01    0.7258730260E-01
         432.50    0.3568297118E-01    0.3723469550E-01    0.7291766668E-01    0.7258767213E-01
         432.98    0.4883498864E-01    0.2416394258E-01    0.7299893122E-01    0.7258813164E-01
         433.46    0.5928766788E-01    0.1373636335E-01    0.7302403123E-01    0.7258861814E-01
         433.95    0.6666287186E-01    0.6364238267E-02    0.7302711012E-01    0.7258910698E-01
         434.43    0.7091150246E-01    0.2111561054E-02    0.7302306351E-01    0.7258959023E-01
         434.92    0.7209405173E-01    0.9241817963E-03    0.7301823352E-01    0.7259006703E-01
         435.40    0.7028517552E-01    0.2729915366E-02    0.7301509089E-01    0.7259053927E-01
         435.88    0.6553500566E-01    0.7478418704E-02    0.7301342436E-01    0.7259100863E-01
         436.37    0.5787052065E-01    0.1513804406E-01    0.7300856471E-01    0.7259147155E-01
         436.85    0.4736413612E-01    0.2562129371E-01    0.7298542983E-01    0.7259190783E-01
         437.33    0.3435662143E-01    0.3854903853E-01    0.7290565995E-01    0.7259225490E-01
         437.82    0.2001226787E-01    0.5267405573E-01    0.7268632360E-01    0.7259235884E-01
         438.30    0.7457555326E-02    0.6473330333E-01    0.7219085865E-01    0.7259191568E-01
         438.79    0.3382505390E-02    0.6798616637E-01    0.7136867176E-01    0.7259056701E-01
         439.27    0.1734842799E-01    0.5358627815E-01    0.7093470614E-01    0.7258874338E-01
         439.75    0.4920788940E-01    0.2360438957E-01    0.7281227897E-01    0.7258898929E-01
         440.24    0.6741778095E-01    0.7503720845E-02    0.7492150180E-01    0.7259155249E-01
         440.72    0.4494313044E-01    0.2758580831E-01    0.7252893875E-01    0.7259148376E-01
         441.20    0.1288447579E-01    0.5794530475E-01    0.7082978054E-01    0.7258955207E-01
         441.69    0.8280609521E-03    0.7054373228E-01    0.7137179323E-01    0.7258821827E-01
         442.17    0.7030096665E-02    0.6518341132E-01    0.7221350799E-01    0.7258780830E-01
         442.66    0.2137809881E-01    0.5133538753E-01    0.7271348634E-01    0.7258794565E-01
         443.14    0.3700948511E-01    0.3592781382E-01    0.7293729894E-01    0.7258832704E-01
         443.62    0.5068761915E-01    0.2233159382E-01    0.7301921296E-01    0.7258879693E-01
         444.11    0.6119381299E-01    0.1184671999E-01    0.7304053298E-01    0.7258928902E-01
         444.59    0.6820115821E-01    0.4839934624E-02    0.7304109283E-01    0.7258978064E-01
         445.07    0.7169465927E-01    0.1344083699E-02    0.7303874297E-01    0.7259026865E-01
         445.56    0.7170575100E-01    0.1334289213E-02    0.7304004021E-01    0.7259075700E-01
         446.04    0.6821405449E-01    0.4830462860E-02    0.7304451735E-01    0.7259124915E-01
         446.53    0.6115488850E-01    0.1188984534E-01    0.7304473384E-01    0.7259174046E-01
         447.01    0.5053153627E-01    0.2249046434E-01    0.7302200061E-01    0.7259220611E-01
         447.49    0.3669340406E-01    0.3624192111E-01    0.7293532517E-01    0.7259257705E-01
         447.98    0.2093190315E-01    0.5176919353E-01    0.7270109668E-01    0.7259269424E-01
         448.46    0.6634810114E-02    0.6554704435E-01    0.7218185447E-01    0.7259225105E-01
         448.94    0.9158522497E-03    0.7040276870E-01    0.7131862095E-01    0.7259087860E-01
         449.43    0.1405692599E-01    0.5675420918E-01    0.7081113517E-01    0.7258896284E-01
         449.91    0.4700096061E-01    0.2566292978E-01    0.7266389040E-01    0.7258904341E-01
         450.40    0.6817738701E-01    0.6804812461E-02    0.7498219947E-01    0.7259161393E-01
         450.88    0.4766981734E-01    0.2499064506E-01    0.7266046240E-01    0.7259168780E-01
         451.36    0.1538199061E-01    0.5548925358E-01    0.7087124420E-01    0.7258984381E-01
         451.85    0.2158501463E-02    0.6922160757E-01    0.7138010903E-01    0.7258854859E-01
         452.33    0.7026914822E-02    0.6518511574E-01    0.7221203056E-01    0.7258814590E-01
         452.82    0.2016647688E-01    0.5253790232E-01    0.7270437920E-01    0.7258827008E-01
         453.30    0.3488702283E-01    0.3803548000E-01    0.7292250283E-01    0.7258862678E-01
         453.78    0.4806459801E-01    0.2493653566E-01    0.7300113367E-01    0.7258906656E-01
         454.27    0.5854509675E-01    0.1447574286E-01    0.7302083961E-01    0.7258952638E-01
         454.75    0.6603581737E-01    0.6984424244E-02    0.7302024162E-01    0.7258998459E-01
         455.23    0.7054606400E-01    0.2470079950E-02    0.7301614395E-01    0.7259043747E-01
         455.72    0.7213767689E-01    0.8772671777E-03    0.7301494407E-01    0.7259088811E-01
         456.20    0.7082871339E-01    0.2189183651E-02    0.7301789704E-01    0.7259134093E-01
         456.69    0.6657451022E-01    0.6448280277E-02    0.7302279050E-01    0.7259179797E-01
         457.17    0.5930143224E-01    0.1372140321E-01    0.7302283545E-01    0.7259225410E-01
         457.65    0.4900915740E-01    0.2399285175E-01    0.7300200915E-01    0.7259268724E-01
         458.14    0.3600817944E-01    0.3691614349E-01    0.7292432294E-01    0.7259303744E-01
         458.62    0.2144018016E-01    0.5127415512E-01    0.7271433528E-01    0.7259316539E-01
         459.10    0.8315419149E-02    0.6392830408E-01    0.7224372323E-01    0.7259279717E-01
         459.59    0.3042218891E-02    0.6839860361E-01    0.7144082250E-01    0.7259158456E-01
         460.07    0.1517728910E-01    0.5572304868E-01    0.7090033778E-01    0.7258980618E-01
         460.56    0.4645946406E-01    0.2606869594E-01    0.7252816001E-01    0.7258974142E-01
         461.04    0.6806148013E-01    0.6881536380E-02    0.7494301651E-01    0.7259221076E-01
         461.52    0.4863190949E-01    0.2420598824E-01    0.7283789772E-01    0.7259246829E-01
         462.01    0.1523806894E-01    0.5561702812E-01    0.7085509706E-01    0.7259064905E-01
         462.49    0.7021690625E-03    0.7057326639E-01    0.7127543545E-01    0.7258927331E-01
         462.97    0.5433253189E-02    0.6670618079E-01    0.7213943398E-01    0.7258880325E-01
         463.46    0.1929477481E-01    0.5338063131E-01    0.7267540612E-01    0.7258889365E-01
         463.94    0.3498406238E-01    0.3793619893E-01    0.7292026131E-01    0.7258923919E-01
         464.43    0.4897166792E-01    0.2404021022E-01    0.7301187814E-01    0.7258967944E-01
         464.91    0.5989722307E-01    0.1314014158E-01    0.7303736465E-01    0.7259014529E-01
         465.39    0.6737170195E-01    0.5668063247E-02    0.7303976520E-01    0.7259061267E-01
         465.88    0.7135242718E-01    0.1685817673E-02    0.7303824485E-01    0.7259107750E-01
         466.36    0.7185815050E-01    0.1181722213E-02    0.7303987271E-01    0.7259154306E-01
         466.84    0.6886297207E-01    0.4181721043E-02    0.7304469311E-01    0.7259201264E-01
         467.33    0.6229614517E-01    0.1075014682E-01    0.7304629199E-01    0.7259248291E-01
         467.81    0.5213925384E-01    0.2088868539E-01    0.7302793924E-01    0.7259293323E-01
         468.30    0.3867598741E-01    0.3427624594E-01    0.7295223335E-01    0.7259330441E-01
         468.78    0.2303794623E-01    0.4970360976E-01    0.7274155599E-01    0.7259345740E-01
         469.26    0.8285580415E-02    0.6397716702E-01    0.7226274743E-01    0.7259311646E-01
         469.75    0.1036391133E-02    0.7039166851E-01    0.7142805964E-01    0.7259191661E-01
         470.23    0.1149818313E-01    0.5929248101E-01    0.7079066414E-01    0.7259006347E-01
         470.71    0.4299455828E-01    0.2930468662E-01    0.7229924490E-01    0.7258976458E-01
         471.20    0.6794555737E-01    0.6985754509E-02    0.7493131188E-01    0.7259216863E-01
         471.68    0.5183144185E-01    0.2120467670E-01    0.7303611854E-01    0.7259262397E-01
         472.17    0.1871948887E-01    0.5221762715E-01    0.7093711602E-01    0.7259092775E-01
         472.65    0.2760603824E-02    0.6852544865E-01    0.7128605248E-01    0.7258959216E-01
         473.13    0.5708310282E-02    0.6641934259E-01    0.7212765287E-01    0.7258911983E-01
         473.62    0.1796752285E-01    0.5468210449E-01    0.7264962735E-01    0.7258918163E-01
         474.10    0.3252736365E-01    0.4036003535E-01    0.7288739900E-01    0.7258948593E-01
         474.59    0.4600236018E-01    0.2697791258E-01    0.7298027276E-01    0.7258988429E-01
         475.07    0.5703321019E-01    0.1597907426E-01    0.7301228444E-01    0.7259031443E-01
         475.55    0.6514230066E-01    0.7879380880E-02    0.7302168154E-01    0.7259075326E-01
         476.04    0.7018477730E-01    0.2839054939E-02    0.7302383224E-01    0.7259119338E-01
         476.52    0.7212428313E-01    0.8999720217E-03    0.7302425515E-01    0.7259163304E-01
         477.00    0.7095269589E-01    0.2071560247E-02    0.7302425614E-01    0.7259207180E-01
         477.49    0.6667152383E-01    0.6351053264E-02    0.7302257709E-01    0.7259250798E-01
         477.97    0.5931026893E-01    0.1370410011E-01    0.7301436904E-01    0.7259293496E-01
         478.46    0.4899682084E-01    0.2398996462E-01    0.7298678545E-01    0.7259333319E-01
         478.94    0.3614418193E-01    0.3676420908E-01    0.7290839101E-01    0.7259365143E-01
         479.42    0.2190177690E-01    0.5080738005E-01    0.7270915695E-01    0.7259376799E-01
         479.91    0.9118604631E-02    0.6314574836E-01    0.7226435299E-01    0.7259343592E-01
         480.39    0.3846538997E-02    0.6764570168E-01    0.7149224068E-01    0.7259232696E-01
         480.87    0.1531395416E-01    0.5561474128E-01    0.7092869544E-01    0.7259065329E-01
         481.36    0.4583049957E-01    0.2659186363E-01    0.7242236320E-01    0.7259048415E-01
         481.84    0.6824709818E-01    0.6650536154E-02    0.7489763433E-01    0.7259280057E-01
         482.33    0.5019425474E-01    0.2277676040E-01    0.7297101514E-01    0.7259317992E-01
         482.81    0.1641056885E-01    0.5447632082E-01    0.7088688966E-01    0.7259147021E-01
         483.29    0.7196488238E-03    0.7051473064E-01    0.7123437946E-01    0.7259011176E-01
         483.78    0.4686831992E-02    0.6741272532E-01    0.7209955731E-01    0.7258962121E-01
