 #        Time[fs] E-potential           E-kinetic     E-Total    E-Total-Avg
           0.48    0.5667273424E-01    0.1670930010E-01    0.7338203435E-01    0.7338203435E-01
           0.97    0.2078326474E-01    0.5007391105E-01    0.7085717579E-01    0.7211960507E-01
           1.45    0.2760707965E-02    0.6839775812E-01    0.7115846609E-01    0.7179922541E-01
           1.94    0.5882259567E-02    0.6624462388E-01    0.7212688344E-01    0.7188113992E-01
           2.42    0.1907432372E-01    0.5365880638E-01    0.7273313010E-01    0.7205153795E-01
           2.90    0.3413350816E-01    0.3885359318E-01    0.7298710134E-01    0.7220746519E-01
           3.39    0.4741906119E-01    0.2564095624E-01    0.7306001743E-01    0.7232925836E-01
           3.87    0.5786536921E-01    0.1520392864E-01    0.7306929784E-01    0.7242176330E-01
           4.35    0.6535191170E-01    0.7717678756E-02    0.7306959045E-01    0.7249374409E-01
           4.84    0.6989320013E-01    0.3184208415E-02    0.7307740854E-01    0.7255211054E-01
           5.32    0.7138109519E-01    0.1711571339E-02    0.7309266653E-01    0.7260125199E-01
           5.81    0.6958400427E-01    0.3525979630E-02    0.7310998390E-01    0.7264364632E-01
           6.29    0.6423376588E-01    0.8887512121E-02    0.7312127800E-01    0.7268038722E-01
           6.77    0.5515541289E-01    0.1795705337E-01    0.7311246627E-01    0.7271125001E-01
           7.26    0.4248378676E-01    0.3057095753E-01    0.7305474430E-01    0.7273414962E-01
           7.74    0.2708891895E-01    0.4579952992E-01    0.7288844887E-01    0.7274379333E-01
           8.22    0.1141893089E-01    0.6108501369E-01    0.7250394458E-01    0.7272968458E-01
           8.71    0.9110066852E-03    0.7086940544E-01    0.7178041213E-01    0.7267694722E-01
           9.19    0.4943386593E-02    0.6600444183E-01    0.7094782842E-01    0.7258594097E-01
           9.68    0.3133679458E-01    0.4015838166E-01    0.7149517624E-01    0.7253140273E-01
          10.16    0.6504242234E-01    0.9324744690E-02    0.7436716703E-01    0.7261882008E-01
          10.64    0.6555006712E-01    0.8697007946E-02    0.7424707506E-01    0.7269283167E-01
          11.13    0.3415378737E-01    0.3737954247E-01    0.7153332984E-01    0.7264241855E-01
          11.61    0.9802815722E-02    0.6134143522E-01    0.7114425094E-01    0.7257999490E-01
          12.09    0.5301706725E-02    0.6659928720E-01    0.7190099393E-01    0.7255283486E-01
          12.58    0.1362318505E-01    0.5888731481E-01    0.7251049987E-01    0.7255120659E-01
          13.06    0.2699943084E-01    0.4583239083E-01    0.7283182167E-01    0.7256159974E-01
          13.55    0.4097557043E-01    0.3200940924E-01    0.7298497966E-01    0.7257672045E-01
          14.03    0.5334592077E-01    0.1971199447E-01    0.7305791524E-01    0.7259331337E-01
          14.51    0.6302855374E-01    0.1006423797E-01    0.7309279171E-01    0.7260996265E-01
          15.00    0.6948714688E-01    0.3621355310E-02    0.7310850219E-01    0.7262604457E-01
          15.48    0.7246973100E-01    0.6439129800E-03    0.7311364398E-01    0.7264128205E-01
          15.96    0.7189063854E-01    0.1221019833E-02    0.7311165837E-01    0.7265553588E-01
          16.45    0.6778290628E-01    0.5319649953E-02    0.7310255624E-01    0.7266868354E-01
          16.93    0.6029664553E-01    0.1278630096E-01    0.7308294650E-01    0.7268051962E-01
          17.42    0.4974311317E-01    0.2330080567E-01    0.7304391884E-01    0.7269061405E-01
          17.90    0.3671563094E-01    0.3624803666E-01    0.7296366759E-01    0.7269799387E-01
          18.38    0.2239442801E-01    0.5039392712E-01    0.7278835513E-01    0.7270037180E-01
          18.87    0.9291787416E-02    0.6311151603E-01    0.7240330344E-01    0.7269275466E-01
          19.35    0.2700683605E-02    0.6897853161E-01    0.7167921521E-01    0.7266741618E-01
          19.83    0.1157586017E-01    0.5937284044E-01    0.7094870061E-01    0.7262549628E-01
          20.32    0.4122115421E-01    0.3076671228E-01    0.7198786649E-01    0.7261031462E-01
          20.80    0.6960141347E-01    0.5284596434E-02    0.7488600990E-01    0.7266323777E-01
          21.29    0.5775499651E-01    0.1583173430E-01    0.7358673081E-01    0.7268422625E-01
          21.77    0.2216361415E-01    0.4883465700E-01    0.7099827115E-01    0.7264676058E-01
          22.25    0.2362982533E-02    0.6874948881E-01    0.7111247134E-01    0.7261340646E-01
          22.74    0.4146745176E-02    0.6788864381E-01    0.7203538898E-01    0.7260110822E-01
          23.22    0.1731759515E-01    0.5534929909E-01    0.7266689423E-01    0.7260247876E-01
          23.71    0.3339108482E-01    0.3957871897E-01    0.7296980379E-01    0.7260997519E-01
          24.19    0.4801506256E-01    0.2507365826E-01    0.7308872082E-01    0.7261955010E-01
          24.67    0.5942267970E-01    0.1369973394E-01    0.7312241364E-01    0.7262941017E-01
          25.16    0.6710191665E-01    0.6018766363E-02    0.7312068301E-01    0.7263885773E-01
          25.64    0.7107789776E-01    0.2028984537E-02    0.7310688229E-01    0.7264768838E-01
          26.12    0.7156362470E-01    0.1528619688E-02    0.7309224439E-01    0.7265592090E-01
          26.61    0.6878588005E-01    0.4296646345E-02    0.7308252640E-01    0.7266367736E-01
          27.09    0.6289299457E-01    0.1018610800E-01    0.7307910257E-01    0.7267109567E-01
          27.58    0.5393202357E-01    0.1914227100E-01    0.7307429457E-01    0.7267816933E-01
          28.06    0.4196720882E-01    0.3107234280E-01    0.7303955162E-01    0.7268440006E-01
          28.54    0.2750898296E-01    0.4539757139E-01    0.7290655434E-01    0.7268816539E-01
          29.03    0.1249726463E-01    0.6005308577E-01    0.7255035040E-01    0.7268586847E-01
          29.51    0.1953458965E-02    0.6987958310E-01    0.7183304206E-01    0.7267188771E-01
          29.99    0.5208454635E-02    0.6575384273E-01    0.7096229736E-01    0.7264431368E-01
          30.48    0.3068833643E-01    0.4075044527E-01    0.7143878170E-01    0.7262517825E-01
          30.96    0.6416151593E-01    0.1020461379E-01    0.7436612973E-01    0.7265238061E-01
          31.45    0.6432397555E-01    0.9963387149E-02    0.7428736270E-01    0.7267753418E-01
          31.93    0.3205479569E-01    0.3938875852E-01    0.7144355421E-01    0.7265883752E-01
          32.41    0.7936517228E-02    0.6312644388E-01    0.7106296111E-01    0.7263501847E-01
          32.90    0.4920834022E-02    0.6698495203E-01    0.7190578605E-01    0.7262429446E-01
          33.38    0.1486030280E-01    0.5771505559E-01    0.7257535839E-01    0.7262358524E-01
          33.86    0.2908711681E-01    0.4382271276E-01    0.7290982956E-01    0.7262767445E-01
          34.35    0.4290684213E-01    0.3013567402E-01    0.7304251614E-01    0.7263351729E-01
          34.83    0.5439503746E-01    0.1868582035E-01    0.7308085781E-01    0.7263973035E-01
          35.32    0.6299088567E-01    0.1009120984E-01    0.7308209550E-01    0.7264579015E-01
          35.80    0.6868076765E-01    0.4393688985E-02    0.7307445664E-01    0.7265158294E-01
          36.28    0.7158038753E-01    0.1491306078E-02    0.7307169361E-01    0.7265718441E-01
          36.77    0.7172869251E-01    0.1350201655E-02    0.7307889417E-01    0.7266273323E-01
          37.25    0.6901335734E-01    0.4080411751E-02    0.7309376909E-01    0.7266833109E-01
          37.73    0.6320813406E-01    0.9898805312E-02    0.7310693937E-01    0.7267395428E-01
          38.22    0.5411520069E-01    0.1898688142E-01    0.7310208212E-01    0.7267937362E-01
          38.70    0.4180879747E-01    0.3124308633E-01    0.7305188380E-01    0.7268402999E-01
          39.19    0.2703675943E-01    0.4586546612E-01    0.7290222555E-01    0.7268672377E-01
          39.67    0.1198793758E-01    0.6055704560E-01    0.7254498318E-01    0.7268499522E-01
          40.15    0.1699787190E-02    0.7013727967E-01    0.7183706686E-01    0.7267477922E-01
          40.64    0.5351303634E-02    0.6559404496E-01    0.7094534859E-01    0.7265419076E-01
          41.12    0.3149800541E-01    0.3988689781E-01    0.7138490323E-01    0.7263925796E-01
          41.60    0.6580163769E-01    0.8641557315E-02    0.7444319501E-01    0.7266023398E-01
          42.09    0.6496671838E-01    0.9391002479E-02    0.7435772086E-01    0.7267974532E-01
          42.57    0.3009869929E-01    0.4120509799E-01    0.7130379727E-01    0.7266410955E-01
          43.06    0.4704984961E-02    0.6622283131E-01    0.7092781628E-01    0.7264460063E-01
          43.54    0.2169964896E-02    0.6966687961E-01    0.7183684450E-01    0.7263562557E-01
          44.02    0.1351691401E-01    0.5903062142E-01    0.7254753543E-01    0.7263465754E-01
          44.51    0.2943638887E-01    0.4347253984E-01    0.7290892871E-01    0.7263763875E-01
          44.99    0.4478588485E-01    0.2827986780E-01    0.7306575266E-01    0.7264224213E-01
          45.48    0.5724682007E-01    0.1587604891E-01    0.7312286898E-01    0.7264735518E-01
          45.96    0.6595638456E-01    0.7173864196E-02    0.7313024876E-01    0.7265243827E-01
          46.44    0.7079742758E-01    0.2316712027E-02    0.7311413961E-01    0.7265724766E-01
          46.93    0.7201097107E-01    0.1082905624E-02    0.7309387669E-01    0.7266174899E-01
          47.41    0.6990807955E-01    0.3174386679E-02    0.7308246622E-01    0.7266604202E-01
          47.89    0.6467280290E-01    0.8409326398E-02    0.7308212929E-01    0.7267024492E-01
          48.38    0.5632300995E-01    0.1675856995E-01    0.7308157990E-01    0.7267435827E-01
          48.86    0.4487436746E-01    0.2817806139E-01    0.7305242886E-01    0.7267810154E-01
          49.35    0.3076049655E-01    0.4217747920E-01    0.7293797575E-01    0.7268064933E-01
          49.83    0.1565282225E-01    0.5698062548E-01    0.7263344773E-01    0.7268019106E-01
          50.31    0.3868960073E-02    0.6813073816E-01    0.7199969823E-01    0.7267364786E-01
          50.80    0.3792855263E-02    0.6733269804E-01    0.7112555330E-01    0.7265890410E-01
          51.28    0.2468286466E-01    0.4651841301E-01    0.7120127766E-01    0.7264515291E-01
          51.76    0.5830899535E-01    0.1550405545E-01    0.7381305080E-01    0.7265606785E-01
          52.25    0.6595678222E-01    0.8668867424E-02    0.7462564964E-01    0.7267430471E-01
          52.73    0.3734088030E-01    0.3446975531E-01    0.7181063561E-01    0.7266638114E-01
          53.22    0.1096317490E-01    0.6004546066E-01    0.7100863556E-01    0.7265131073E-01
          53.70    0.5270661891E-02    0.6651852598E-01    0.7178918788E-01    0.7264354386E-01
          54.18    0.1369127160E-01    0.5882384605E-01    0.7251511766E-01    0.7264239719E-01
          54.67    0.2704561049E-01    0.4583350602E-01    0.7287911651E-01    0.7264449206E-01
          55.15    0.4028799118E-01    0.3272118334E-01    0.7300917452E-01    0.7264769102E-01
          55.63    0.5155770895E-01    0.2148249518E-01    0.7304020412E-01    0.7265110418E-01
          56.12    0.6042301826E-01    0.1262302054E-01    0.7304603879E-01    0.7265450879E-01
          56.60    0.6682242930E-01    0.6231641996E-02    0.7305407130E-01    0.7265792386E-01
          57.09    0.7065061281E-01    0.2418034702E-02    0.7306864751E-01    0.7266140456E-01
          57.57    0.7168941150E-01    0.1397128610E-02    0.7308654011E-01    0.7266497713E-01
          58.05    0.6966082612E-01    0.3442313475E-02    0.7310313959E-01    0.7266862849E-01
          58.54    0.6430483562E-01    0.8807712798E-02    0.7311254842E-01    0.7267229725E-01
          59.02    0.5547571607E-01    0.1762820408E-01    0.7310392016E-01    0.7267583514E-01
          59.50    0.4330822436E-01    0.2974544995E-01    0.7305367431E-01    0.7267890700E-01
          59.99    0.2856381498E-01    0.4434695469E-01    0.7291076966E-01    0.7268077686E-01
          60.47    0.1335136182E-01    0.5922460177E-01    0.7257596359E-01    0.7267993836E-01
          60.96    0.2422166383E-02    0.6949737762E-01    0.7191954401E-01    0.7267390348E-01
          61.44    0.4379040214E-02    0.6668922962E-01    0.7106826984E-01    0.7266126069E-01
          61.92    0.2779934461E-01    0.4351624446E-01    0.7131558907E-01    0.7265074764E-01
          62.41    0.6171709149E-01    0.1237639497E-01    0.7409348645E-01    0.7266193166E-01
          62.89    0.6575432765E-01    0.8792927934E-02    0.7454725558E-01    0.7267643415E-01
          63.37    0.3424357267E-01    0.3738452893E-01    0.7162810161E-01    0.7266843161E-01
          63.86    0.7727341176E-02    0.6324792694E-01    0.7097526812E-01    0.7265560461E-01
          64.34    0.2822364467E-02    0.6895915762E-01    0.7178152208E-01    0.7264903257E-01
          64.83    0.1229956498E-01    0.6018631700E-01    0.7248588197E-01    0.7264781502E-01
          65.31    0.2713281430E-01    0.4572133736E-01    0.7285415166E-01    0.7264934344E-01
          65.79    0.4215746698E-01    0.3085961000E-01    0.7301707698E-01    0.7265204737E-01
          66.28    0.5499565963E-01    0.1808895983E-01    0.7308461946E-01    0.7265520483E-01
          66.76    0.6463422334E-01    0.8477447945E-02    0.7311167129E-01    0.7265851255E-01
          67.24    0.7065251855E-01    0.2469711600E-02    0.7312223015E-01    0.7266184865E-01
          67.73    0.7287760033E-01    0.2484886973E-03    0.7312608903E-01    0.7266516465E-01
          68.21    0.7124427934E-01    0.1881615455E-02    0.7312589479E-01    0.7266843224E-01
          68.70    0.6575842499E-01    0.7360586680E-02    0.7311901167E-01    0.7267160534E-01
          69.18    0.5653606478E-01    0.1655993163E-01    0.7309599641E-01    0.7267457311E-01
          69.66    0.4394024374E-01    0.2909461031E-01    0.7303485405E-01    0.7267707506E-01
          70.15    0.2889756765E-01    0.4399021651E-01    0.7288778416E-01    0.7267852823E-01
          70.63    0.1357161322E-01    0.5898877480E-01    0.7256038802E-01    0.7267771905E-01
          71.12    0.2600238977E-02    0.6932768921E-01    0.7192792819E-01    0.7267261843E-01
          71.60    0.4276947280E-02    0.6683576057E-01    0.7111270785E-01    0.7266207849E-01
          72.08    0.2688595251E-01    0.4445372823E-01    0.7133968074E-01    0.7265320334E-01
          72.57    0.6023321025E-01    0.1375183942E-01    0.7398504967E-01    0.7266208232E-01
          73.05    0.6568993421E-01    0.8872507622E-02    0.7456244183E-01    0.7267466748E-01
          73.53    0.3592818259E-01    0.3586144790E-01    0.7178963049E-01    0.7266884487E-01
          74.02    0.9276686125E-02    0.6176278958E-01    0.7103947571E-01    0.7265819539E-01
          74.50    0.3314460427E-02    0.6845530035E-01    0.7176976078E-01    0.7265242634E-01
          74.99    0.1194265499E-01    0.6052340874E-01    0.7246606372E-01    0.7265122400E-01
          75.47    0.2633781853E-01    0.4651227171E-01    0.7285009024E-01    0.7265249878E-01
          75.95    0.4113089448E-01    0.3189391031E-01    0.7302480479E-01    0.7265487016E-01
          76.44    0.5376616652E-01    0.1932699384E-01    0.7309316036E-01    0.7265764415E-01
          76.92    0.6321404063E-01    0.9897752574E-02    0.7311179320E-01    0.7266050043E-01
          77.40    0.6918618712E-01    0.3921515571E-02    0.7310770269E-01    0.7266329544E-01
          77.89    0.7174482017E-01    0.1348521958E-02    0.7309334213E-01    0.7266596654E-01
          78.37    0.7111523557E-01    0.1959828370E-02    0.7307506394E-01    0.7266849183E-01
          78.86    0.6758362972E-01    0.5473937318E-02    0.7305756704E-01    0.7267087880E-01
          79.34    0.6141702824E-01    0.1162816180E-01    0.7304519004E-01    0.7267316118E-01
          79.82    0.5279073375E-01    0.2024708605E-01    0.7303781981E-01    0.7267537124E-01
          80.31    0.4179123105E-01    0.3122563814E-01    0.7301686919E-01    0.7267742845E-01
          80.79    0.2870294268E-01    0.4421669647E-01    0.7291963915E-01    0.7267887882E-01
          81.27    0.1492303088E-01    0.5769279015E-01    0.7261582103E-01    0.7267850347E-01
          81.76    0.4712920028E-02    0.6723578941E-01    0.7194870944E-01    0.7267418516E-01
          82.24    0.6749388377E-02    0.6432595481E-01    0.7107534319E-01    0.7266478021E-01
          82.73    0.2972216378E-01    0.4167678639E-01    0.7139895017E-01    0.7265737770E-01
          83.21    0.6161805808E-01    0.1257929318E-01    0.7419735126E-01    0.7266633103E-01
          83.69    0.6244488546E-01    0.1189288331E-01    0.7433776877E-01    0.7267599252E-01
          84.18    0.3049642781E-01    0.4097442184E-01    0.7147084965E-01    0.7266906641E-01
          84.66    0.6152707678E-02    0.6484433436E-01    0.7099704204E-01    0.7265951199E-01
          85.14    0.3530758177E-02    0.6832484484E-01    0.7185560302E-01    0.7265494432E-01
          85.63    0.1438302552E-01    0.5817751932E-01    0.7256054484E-01    0.7265441099E-01
          86.11    0.2955849358E-01    0.4335500727E-01    0.7291350085E-01    0.7265586655E-01
          86.60    0.4408296347E-01    0.2896788476E-01    0.7305084822E-01    0.7265807316E-01
          87.08    0.5595205162E-01    0.1713668796E-01    0.7308873958E-01    0.7266046575E-01
          87.56    0.6460111774E-01    0.8489828599E-02    0.7309094634E-01    0.7266284409E-01
          88.05    0.6999007539E-01    0.3099032867E-02    0.7308910826E-01    0.7266518620E-01
          88.53    0.7213563707E-01    0.9607324404E-03    0.7309636951E-01    0.7266754240E-01
          89.01    0.7091830585E-01    0.2194133687E-02    0.7311243954E-01    0.7266996032E-01
          89.50    0.6609159729E-01    0.7034653144E-02    0.7312625043E-01    0.7267242675E-01
          89.98    0.5745004430E-01    0.1566934261E-01    0.7311938690E-01    0.7267482976E-01
          90.47    0.4510351437E-01    0.2796212548E-01    0.7306563985E-01    0.7267691965E-01
          90.95    0.2986367820E-01    0.4305334460E-01    0.7291702281E-01    0.7267819680E-01
          91.43    0.1392762589E-01    0.5864889557E-01    0.7257652145E-01    0.7267765883E-01
          91.92    0.2150453219E-02    0.6975958223E-01    0.7191003545E-01    0.7267361871E-01
          92.40    0.3325372791E-02    0.6771241466E-01    0.7103778745E-01    0.7266505415E-01
          92.89    0.2639542381E-01    0.4486793462E-01    0.7126335843E-01    0.7265775365E-01
          93.37    0.6075033815E-01    0.1331141756E-01    0.7406175571E-01    0.7266502827E-01
          93.85    0.6573812703E-01    0.8834222876E-02    0.7457234991E-01    0.7267485983E-01
          94.34    0.3488404883E-01    0.3678256441E-01    0.7166661324E-01    0.7266968933E-01
          94.82    0.8473579092E-02    0.6253132446E-01    0.7100490355E-01    0.7266119553E-01
          95.30    0.3328550870E-02    0.6847712312E-01    0.7180567399E-01    0.7265685278E-01
          95.79    0.1239770243E-01    0.6011108469E-01    0.7250878712E-01    0.7265610497E-01
          96.27    0.2672221823E-01    0.4615279567E-01    0.7287501390E-01    0.7265720502E-01
          96.76    0.4118437203E-01    0.3184701662E-01    0.7303138865E-01    0.7265907593E-01
          97.24    0.5351019881E-01    0.1957770022E-01    0.7308789903E-01    0.7266120938E-01
          97.72    0.6286124244E-01    0.1023949769E-01    0.7310074014E-01    0.7266338528E-01
          98.21    0.6904489058E-01    0.4050764195E-02    0.7309565478E-01    0.7266551468E-01
          98.69    0.7213790123E-01    0.9478759165E-03    0.7308577715E-01    0.7266757479E-01
          99.17    0.7229035304E-01    0.7886207721E-03    0.7307897381E-01    0.7266958162E-01
          99.66    0.6960701298E-01    0.3471877264E-02    0.7307889025E-01    0.7267156855E-01
         100.14    0.6409141768E-01    0.8992159241E-02    0.7308357692E-01    0.7267355893E-01
         100.63    0.5567392816E-01    0.1740895659E-01    0.7308288475E-01    0.7267552684E-01
         101.11    0.4436312242E-01    0.2868952897E-01    0.7305265139E-01    0.7267733127E-01
         101.59    0.3060344140E-01    0.4233799920E-01    0.7294144060E-01    0.7267858893E-01
         102.08    0.1601419012E-01    0.5663483110E-01    0.7264902122E-01    0.7267844880E-01
         102.56    0.4730216868E-02    0.6730432807E-01    0.7203454493E-01    0.7267541152E-01
         103.04    0.4855126506E-02    0.6630944912E-01    0.7116457563E-01    0.7266831839E-01
         103.53    0.2557015715E-01    0.4563155291E-01    0.7120171005E-01    0.7266146508E-01
         104.01    0.5895242673E-01    0.1488385953E-01    0.7383628627E-01    0.7266692937E-01
         104.50    0.6572026501E-01    0.8993197754E-02    0.7471346276E-01    0.7267640406E-01
         104.98    0.3498748757E-01    0.3676164486E-01    0.7174913243E-01    0.7267213092E-01
         105.46    0.7131520260E-02    0.6374729289E-01    0.7087881315E-01    0.7266390469E-01
         105.95    0.1719398396E-02    0.6997943403E-01    0.7169883243E-01    0.7265949797E-01
         106.43    0.1171168709E-01    0.6076973597E-01    0.7248142306E-01    0.7265868853E-01
         106.91    0.2707876830E-01    0.4581402391E-01    0.7289279221E-01    0.7265974783E-01
         107.40    0.4203573890E-01    0.3101582725E-01    0.7305156616E-01    0.7266151277E-01
         107.88    0.5426015432E-01    0.1882912213E-01    0.7308927645E-01    0.7266343100E-01
         108.37    0.6319096904E-01    0.9895316134E-02    0.7308628517E-01    0.7266531874E-01
         108.85    0.6888057694E-01    0.4200543144E-02    0.7308112009E-01    0.7266716675E-01
         109.33    0.7141798100E-01    0.1668077976E-02    0.7308605897E-01    0.7266902025E-01
         109.82    0.7073619696E-01    0.2363720572E-02    0.7309991753E-01    0.7267091848E-01
         110.30    0.6662715821E-01    0.6487961193E-02    0.7311511940E-01    0.7267286673E-01
         110.78    0.5885935898E-01    0.1425877624E-01    0.7311813522E-01    0.7267481113E-01
         111.27    0.4738709146E-01    0.2569610293E-01    0.7308319439E-01    0.7267658671E-01
         111.75    0.3273717675E-01    0.4022081212E-01    0.7295798887E-01    0.7267780490E-01
         112.24    0.1676243384E-01    0.5588077580E-01    0.7264320964E-01    0.7267765578E-01
         112.72    0.3967696972E-02    0.6803875691E-01    0.7200645388E-01    0.7267477509E-01
         113.20    0.2845136235E-02    0.6829143207E-01    0.7113656830E-01    0.7266820156E-01
         113.69    0.2274778469E-01    0.4843619198E-01    0.7118397667E-01    0.7266188570E-01
         114.17    0.5611130446E-01    0.1760123713E-01    0.7371254159E-01    0.7266633764E-01
         114.66    0.6526451129E-01    0.9366858186E-02    0.7463136947E-01    0.7267462891E-01
         115.14    0.3844558038E-01    0.3350811028E-01    0.7195369066E-01    0.7267159976E-01
         115.62    0.1207692950E-01    0.5902706087E-01    0.7110399036E-01    0.7266504072E-01
         116.11    0.4941482541E-02    0.6685316863E-01    0.7179465117E-01    0.7266141410E-01
         116.59    0.1173597638E-01    0.6071675789E-01    0.7245273426E-01    0.7266054821E-01
         117.07    0.2431313714E-01    0.4848478281E-01    0.7279791995E-01    0.7266111586E-01
         117.56    0.3794904789E-01    0.3500596871E-01    0.7295501659E-01    0.7266232533E-01
         118.04    0.5041194828E-01    0.2261797677E-01    0.7302992505E-01    0.7266383188E-01
         118.53    0.6061354207E-01    0.1245654298E-01    0.7307008505E-01    0.7266549006E-01
         119.01    0.6795115391E-01    0.5142150707E-02    0.7309330462E-01    0.7266722914E-01
         119.49    0.7206160384E-01    0.1044878729E-02    0.7310648257E-01    0.7266900750E-01
         119.98    0.7273204694E-01    0.3802637972E-03    0.7311231073E-01    0.7267079501E-01
         120.46    0.6986862848E-01    0.3242084332E-02    0.7311071281E-01    0.7267256175E-01
         120.94    0.6350121822E-01    0.9597085792E-02    0.7309830402E-01    0.7267426472E-01
         121.43    0.5383219821E-01    0.1923411216E-01    0.7306631037E-01    0.7267582665E-01
         121.91    0.4135919034E-01    0.3163610479E-01    0.7299529513E-01    0.7267709439E-01
         122.40    0.2714592111E-01    0.4569679531E-01    0.7284271642E-01    0.7267774902E-01
         122.88    0.1340594338E-01    0.5911631107E-01    0.7252225445E-01    0.7267713683E-01
         123.36    0.4604185496E-02    0.6731508048E-01    0.7191926597E-01    0.7267416479E-01
         123.85    0.8455868228E-02    0.6272051893E-01    0.7117638716E-01    0.7266831410E-01
         124.33    0.3191735808E-01    0.3963307851E-01    0.7155043659E-01    0.7266396438E-01
         124.81    0.6265932609E-01    0.1152665563E-01    0.7418598172E-01    0.7266986367E-01
         125.30    0.6282185212E-01    0.1152722478E-01    0.7434907690E-01    0.7267634712E-01
         125.78    0.3054761810E-01    0.4100591600E-01    0.7155353410E-01    0.7267202861E-01
         126.27    0.5117614455E-02    0.6586833441E-01    0.7098594887E-01    0.7266556853E-01
         126.75    0.1568489956E-02    0.7022565464E-01    0.7179414459E-01    0.7266224249E-01
         127.23    0.1235028634E-01    0.6015790886E-01    0.7250819520E-01    0.7266165676E-01
         127.72    0.2820533713E-01    0.4468491734E-01    0.7289025447E-01    0.7266252266E-01
         128.20    0.4372397160E-01    0.2933282738E-01    0.7305679897E-01    0.7266401049E-01
         128.68    0.5644805195E-01    0.1666797190E-01    0.7311602385E-01    0.7266570979E-01
         129.17    0.6547907852E-01    0.7648209122E-02    0.7312728765E-01    0.7266743855E-01
         129.65    0.7063981580E-01    0.2479420563E-02    0.7311923637E-01    0.7266912436E-01
         130.14    0.7205246967E-01    0.1052824582E-02    0.7310529425E-01    0.7267074581E-01
         130.62    0.6993363332E-01    0.3158255908E-02    0.7309188923E-01    0.7267230560E-01
         131.10    0.6449087589E-01    0.8590557656E-02    0.7308143355E-01    0.7267381530E-01
         131.59    0.5588039143E-01    0.1718952356E-01    0.7306991499E-01    0.7267527155E-01
         132.07    0.4426583088E-01    0.2877048388E-01    0.7303631476E-01    0.7267659405E-01
         132.55    0.3013553422E-01    0.4278543488E-01    0.7292096910E-01    0.7267748593E-01
         133.04    0.1517094416E-01    0.5742984039E-01    0.7260078454E-01    0.7267720701E-01
         133.52    0.3903112471E-02    0.6801857105E-01    0.7192168353E-01    0.7267446961E-01
         134.01    0.5246114960E-02    0.6578704858E-01    0.7103316354E-01    0.7266854432E-01
         134.49    0.2821397628E-01    0.4312228129E-01    0.7133625757E-01    0.7266375192E-01
         134.97    0.6112611369E-01    0.1305028582E-01    0.7417639951E-01    0.7266917359E-01
         135.46    0.6333853611E-01    0.1108293313E-01    0.7442146924E-01    0.7267543179E-01
         135.94    0.3172230225E-01    0.3981834330E-01    0.7154064555E-01    0.7267139341E-01
         136.43    0.6667960008E-02    0.6435067901E-01    0.7101863902E-01    0.7266553258E-01
         136.91    0.3029468330E-02    0.6882272687E-01    0.7185219520E-01    0.7266265859E-01
         137.39    0.1302335420E-01    0.5952546318E-01    0.7254881737E-01    0.7266225774E-01
         137.88    0.2767030179E-01    0.4523335998E-01    0.7290366177E-01    0.7266310478E-01
         138.36    0.4198657250E-01    0.3106068394E-01    0.7304725644E-01    0.7266444796E-01
         138.84    0.5388152364E-01    0.1920859364E-01    0.7309011728E-01    0.7266593113E-01
         139.33    0.6272365651E-01    0.1036738981E-01    0.7309104632E-01    0.7266740723E-01
         139.81    0.6850502881E-01    0.4573647486E-02    0.7307867630E-01    0.7266883030E-01
         140.30    0.7141648264E-01    0.1651157638E-02    0.7306764028E-01    0.7267020551E-01
         140.78    0.7162507947E-01    0.1440700110E-02    0.7306577958E-01    0.7267156487E-01
         141.26    0.6915483098E-01    0.3920555396E-02    0.7307538638E-01    0.7267294782E-01
         141.75    0.6385471211E-01    0.9236308744E-02    0.7309102086E-01    0.7267437469E-01
         142.23    0.5548503050E-01    0.1761122920E-01    0.7309625970E-01    0.7267580967E-01
         142.71    0.4396584547E-01    0.2909400466E-01    0.7305985012E-01    0.7267711151E-01
         143.20    0.2983774273E-01    0.4308861254E-01    0.7292635527E-01    0.7267795355E-01
         143.68    0.1505158735E-01    0.5754528949E-01    0.7259687685E-01    0.7267768056E-01
         144.17    0.4264937840E-02    0.6767732435E-01    0.7194226219E-01    0.7267521271E-01
         144.65    0.6042829640E-02    0.6504317530E-01    0.7108600494E-01    0.7266989764E-01
         145.13    0.2900494128E-01    0.4231897404E-01    0.7132391532E-01    0.7266541103E-01
         145.62    0.6225269073E-01    0.1184705863E-01    0.7409974937E-01    0.7267017627E-01
         146.10    0.6543768128E-01    0.9095434356E-02    0.7453311563E-01    0.7267634495E-01
         146.58    0.3318566964E-01    0.3840743854E-01    0.7159310818E-01    0.7267276991E-01
         147.07    0.6363486903E-02    0.6458370821E-01    0.7094719512E-01    0.7266709367E-01
         147.55    0.1559633511E-02    0.7021194258E-01    0.7177157609E-01    0.7266415755E-01
         148.04    0.1132281794E-01    0.6116759484E-01    0.7249041278E-01    0.7266358976E-01
         148.52    0.2642408304E-01    0.4643918601E-01    0.7286326905E-01    0.7266424018E-01
         149.00    0.4162229539E-01    0.3140130002E-01    0.7302359541E-01    0.7266540692E-01
         149.49    0.5456610762E-01    0.1852167991E-01    0.7308778753E-01    0.7266677384E-01
         149.97    0.6428783460E-01    0.8825544355E-02    0.7311337896E-01    0.7266821451E-01
         150.45    0.7039410568E-01    0.2727395866E-02    0.7312150154E-01    0.7266967202E-01
         150.94    0.7275800195E-01    0.3608094340E-03    0.7311881138E-01    0.7267111157E-01
         151.42    0.7141883682E-01    0.1691444100E-02    0.7311028092E-01    0.7267251467E-01
         151.91    0.6650800978E-01    0.6592878049E-02    0.7310088782E-01    0.7267387891E-01
         152.39    0.5817591242E-01    0.1491271318E-01    0.7308862560E-01    0.7267519557E-01
         152.87    0.4662050430E-01    0.2643316588E-01    0.7305367018E-01    0.7267639327E-01
         153.36    0.3237593560E-01    0.4056788086E-01    0.7294381646E-01    0.7267723688E-01
         153.84    0.1706187892E-01    0.5559227829E-01    0.7265415721E-01    0.7267716430E-01
         154.32    0.4802907854E-02    0.6723218060E-01    0.7203508845E-01    0.7267515153E-01
         154.81    0.3834551774E-02    0.6730113807E-01    0.7113568984E-01    0.7267034071E-01
         155.29    0.2388267320E-01    0.4721799103E-01    0.7110066424E-01    0.7266545075E-01
         155.78    0.5804780468E-01    0.1567925386E-01    0.7372705853E-01    0.7266874767E-01
         156.26    0.6684117969E-01    0.7937733231E-02    0.7477891292E-01    0.7267528069E-01
         156.74    0.3706729346E-01    0.3476063527E-01    0.7182792874E-01    0.7267266540E-01
         157.23    0.8711374329E-02    0.6218647392E-01    0.7089784825E-01    0.7266720443E-01
         157.71    0.2297161824E-02    0.6940435177E-01    0.7170151360E-01    0.7266424219E-01
         158.20    0.1124068852E-01    0.6123993337E-01    0.7248062189E-01    0.7266368066E-01
         158.68    0.2566300638E-01    0.4722567756E-01    0.7288868394E-01    0.7266436664E-01
         159.16    0.3986878205E-01    0.3317299448E-01    0.7304177653E-01    0.7266551378E-01
         159.65    0.5163815816E-01    0.2143366701E-01    0.7307182518E-01    0.7266674503E-01
         160.13    0.6053338947E-01    0.1252857688E-01    0.7306196635E-01    0.7266793905E-01
         160.61    0.6671694126E-01    0.6335804181E-02    0.7305274544E-01    0.7266909811E-01
         161.10    0.7034585879E-01    0.2710397390E-02    0.7305625618E-01    0.7267026075E-01
         161.58    0.7137946644E-01    0.1691010640E-02    0.7307047708E-01    0.7267145900E-01
         162.07    0.6960474948E-01    0.3484064337E-02    0.7308881381E-01    0.7267270483E-01
         162.55    0.6473899823E-01    0.8364133322E-02    0.7310313156E-01    0.7267398586E-01
         163.03    0.5655948934E-01    0.1654187671E-01    0.7310136605E-01    0.7267525406E-01
         163.52    0.4509036770E-01    0.2796972026E-01    0.7306008796E-01    0.7267639262E-01
         164.00    0.3095037646E-01    0.4197974385E-01    0.7293012030E-01    0.7267714108E-01
         164.48    0.1605165456E-01    0.5656462576E-01    0.7261628031E-01    0.7267696207E-01
         164.97    0.4850407060E-02    0.6714064413E-01    0.7199105119E-01    0.7267495061E-01
         165.45    0.5583430518E-02    0.6556666253E-01    0.7115009305E-01    0.7267049196E-01
         165.94    0.2698061468E-01    0.4428608956E-01    0.7126670424E-01    0.7266639928E-01
         166.42    0.6018245474E-01    0.1369669297E-01    0.7387914772E-01    0.7266992471E-01
         166.90    0.6645338071E-01    0.8194429387E-02    0.7464781009E-01    0.7267565771E-01
         167.39    0.3616326717E-01    0.3563274130E-01    0.7179600847E-01    0.7267311538E-01
         167.87    0.8371450260E-02    0.6259533577E-01    0.7096678603E-01    0.7266819800E-01
         168.35    0.1860271294E-02    0.6986683748E-01    0.7172710878E-01    0.7266549372E-01
         168.84    0.1030997189E-01    0.6213620890E-01    0.7244618079E-01    0.7266486532E-01
         169.32    0.2462564832E-01    0.4820144750E-01    0.7282709581E-01    0.7266532883E-01
         169.81    0.3950473750E-01    0.3348987747E-01    0.7299461497E-01    0.7266626697E-01
         170.29    0.5252132698E-01    0.2054347658E-01    0.7306480355E-01    0.7266739918E-01
         170.77    0.6263654843E-01    0.1045891958E-01    0.7309546801E-01    0.7266861184E-01
         171.26    0.6938410677E-01    0.3726602295E-02    0.7311070907E-01    0.7266986070E-01
         171.74    0.7252281720E-01    0.5970839599E-03    0.7311990116E-01    0.7267112842E-01
         172.22    0.7190413470E-01    0.1221554518E-02    0.7312568922E-01    0.7267240527E-01
         172.71    0.6743806922E-01    0.5687870158E-02    0.7312593938E-01    0.7267367568E-01
         173.19    0.5912786748E-01    0.1398422688E-01    0.7311209435E-01    0.7267490031E-01
         173.68    0.4719706037E-01    0.2586642221E-01    0.7306348258E-01    0.7267598271E-01
         174.16    0.3239019231E-01    0.4054443276E-01    0.7293462507E-01    0.7267670116E-01
         174.64    0.1661902155E-01    0.5601496633E-01    0.7263398788E-01    0.7267658284E-01
         175.13    0.4185114307E-02    0.6784141737E-01    0.7202653168E-01    0.7267478712E-01
         175.61    0.3204606348E-02    0.6794931195E-01    0.7115391830E-01    0.7267059740E-01
         176.09    0.2320286178E-01    0.4787792488E-01    0.7108078666E-01    0.7266622979E-01
         176.58    0.5804821322E-01    0.1556521034E-01    0.7361342356E-01    0.7266882484E-01
         177.06    0.6910977186E-01    0.5774233205E-02    0.7488400506E-01    0.7267487725E-01
         177.55    0.4031742403E-01    0.3170467299E-01    0.7202209702E-01    0.7267309855E-01
         178.03    0.1016078948E-01    0.6076530395E-01    0.7092609343E-01    0.7266835126E-01
         178.51    0.1213896872E-02    0.7041567105E-01    0.7162956792E-01    0.7266553613E-01
         179.00    0.8517387222E-02    0.6386439589E-01    0.7238178311E-01    0.7266476923E-01
         179.48    0.2272154612E-01    0.5008355480E-01    0.7280510092E-01    0.7266514748E-01
         179.96    0.3795243680E-01    0.3504881165E-01    0.7300124845E-01    0.7266605098E-01
         180.45    0.5135326721E-01    0.2172918663E-01    0.7308245383E-01    0.7266716734E-01
         180.93    0.6170268812E-01    0.1140757724E-01    0.7311026537E-01    0.7266835209E-01
         181.42    0.6856799591E-01    0.4545662474E-02    0.7311365839E-01    0.7266953957E-01
         181.90    0.7189047034E-01    0.1215048741E-02    0.7310551908E-01    0.7267069909E-01
         182.38    0.7179586235E-01    0.1295453336E-02    0.7309131568E-01    0.7267181479E-01
         182.87    0.6850917976E-01    0.4564240869E-02    0.7307342063E-01    0.7267287724E-01
         183.35    0.6231132854E-01    0.1074170014E-01    0.7305302868E-01    0.7267388028E-01
         183.84    0.5351067453E-01    0.1951830468E-01    0.7302897921E-01    0.7267481475E-01
         184.32    0.4245115074E-01    0.3053830188E-01    0.7298945261E-01    0.7267564057E-01
         184.80    0.2968485023E-01    0.4320536720E-01    0.7289021742E-01    0.7267620229E-01
         185.29    0.1661456844E-01    0.5600796178E-01    0.7262253022E-01    0.7267606215E-01
         185.77    0.6965543916E-02    0.6506186700E-01    0.7202741091E-01    0.7267437296E-01
         186.25    0.8470476091E-02    0.6271615321E-01    0.7118662930E-01    0.7267050869E-01
         186.74    0.2971872224E-01    0.4160746554E-01    0.7132618778E-01    0.7266702599E-01
         187.22    0.6144719442E-01    0.1250419983E-01    0.7395139425E-01    0.7267034477E-01
         187.71    0.6510731160E-01    0.9418265468E-02    0.7452557707E-01    0.7267512630E-01
         188.19    0.3362758219E-01    0.3802385865E-01    0.7165144084E-01    0.7267249471E-01
         188.67    0.6747607733E-02    0.6418617299E-01    0.7093378073E-01    0.7266803647E-01
         189.16    0.1861340347E-02    0.6988923688E-01    0.7175057722E-01    0.7266569003E-01
         189.64    0.1172453475E-01    0.6077001320E-01    0.7249454795E-01    0.7266525344E-01
         190.12    0.2680229014E-01    0.4608289628E-01    0.7288518643E-01    0.7266581307E-01
         190.61    0.4161353416E-01    0.3143141813E-01    0.7304495229E-01    0.7266677535E-01
         191.09    0.5383229105E-01    0.1925951918E-01    0.7309181023E-01    0.7266785139E-01
         191.58    0.6276802075E-01    0.1032368036E-01    0.7309170110E-01    0.7266892172E-01
         192.06    0.6842600512E-01    0.4652613970E-02    0.7307861909E-01    0.7266995370E-01
         192.54    0.7100058563E-01    0.2070609565E-02    0.7307119520E-01    0.7267096184E-01
         193.03    0.7059279212E-01    0.2486141045E-02    0.7307893316E-01    0.7267198433E-01
         193.51    0.6707030206E-01    0.6030532556E-02    0.7310083462E-01    0.7267305646E-01
         193.99    0.6009131876E-01    0.1302959060E-01    0.7312090936E-01    0.7267417330E-01
         194.48    0.4935230877E-01    0.2375310653E-01    0.7310541530E-01    0.7267524604E-01
         194.96    0.3509122259E-01    0.3790838615E-01    0.7299960874E-01    0.7267605091E-01
         195.45    0.1888158635E-01    0.5383076927E-01    0.7271235562E-01    0.7267614077E-01
         195.93    0.4875324505E-02    0.6722964439E-01    0.7210496889E-01    0.7267473047E-01
         196.41    0.1342121051E-02    0.6982153986E-01    0.7116366091E-01    0.7267100862E-01
         196.90    0.1909747491E-01    0.5174408726E-01    0.7084156216E-01    0.7266651367E-01
         197.38    0.5532544992E-01    0.1795535436E-01    0.7328080428E-01    0.7266801928E-01
         197.86    0.7127996295E-01    0.3846391725E-02    0.7512635467E-01    0.7267402988E-01
         198.35    0.4362519715E-01    0.2854362443E-01    0.7216882158E-01    0.7267279767E-01
         198.83    0.1132666930E-01    0.5947864046E-01    0.7080530976E-01    0.7266825390E-01
         199.32    0.1009880964E-02    0.7053542220E-01    0.7154530317E-01    0.7266552829E-01
         199.80    0.7963421123E-02    0.6440636068E-01    0.7236978181E-01    0.7266481220E-01
         200.28    0.2203481641E-01    0.5078263004E-01    0.7281744646E-01    0.7266518088E-01
         200.77    0.3704268286E-01    0.3596601667E-01    0.7300869954E-01    0.7266600864E-01
         201.25    0.5022096468E-01    0.2285746840E-01    0.7307843307E-01    0.7266700004E-01
         201.73    0.6053668998E-01    0.1256176883E-01    0.7309845881E-01    0.7266803472E-01
         202.22    0.6768856598E-01    0.5411072920E-02    0.7309963890E-01    0.7266906726E-01
         202.70    0.7165813176E-01    0.1436002991E-02    0.7309413475E-01    0.7267008174E-01
         203.19    0.7252853427E-01    0.5590922194E-03    0.7308762648E-01    0.7267107590E-01
         203.67    0.7039877669E-01    0.2684931042E-02    0.7308370773E-01    0.7267205602E-01
         204.15    0.6532970185E-01    0.7753300489E-02    0.7308300234E-01    0.7267302983E-01
         204.64    0.5733438568E-01    0.1574490522E-01    0.7307929090E-01    0.7267399025E-01
         205.12    0.4647007032E-01    0.2658293324E-01    0.7305300356E-01    0.7267488415E-01
         205.61    0.3312637050E-01    0.3983268776E-01    0.7295905826E-01    0.7267555280E-01
         206.09    0.1867520489E-01    0.5403092388E-01    0.7270612877E-01    0.7267562457E-01
         206.57    0.6713364845E-02    0.6543852365E-01    0.7215188849E-01    0.7267439802E-01
         207.06    0.4664628781E-02    0.6661546629E-01    0.7128009507E-01    0.7267114031E-01
         207.54    0.2233872694E-01    0.4865409076E-01    0.7099281770E-01    0.7266722813E-01
         208.02    0.5669884596E-01    0.1658846323E-01    0.7328730919E-01    0.7266867018E-01
         208.51    0.7110127356E-01    0.3945783293E-02    0.7504705685E-01    0.7267418848E-01
         208.99    0.4331393747E-01    0.2889759797E-01    0.7221153543E-01    0.7267311752E-01
         209.48    0.1080410158E-01    0.5999831676E-01    0.7080241834E-01    0.7266879720E-01
         209.96    0.3168884546E-03    0.7118135646E-01    0.7149824491E-01    0.7266610008E-01
         210.44    0.7600202068E-02    0.6473920209E-01    0.7233940416E-01    0.7266534905E-01
         210.93    0.2224714017E-01    0.5057067886E-01    0.7281781903E-01    0.7266569875E-01
         211.41    0.3762356915E-01    0.3540019907E-01    0.7302376822E-01    0.7266651814E-01
         211.89    0.5074385195E-01    0.2234397314E-01    0.7308782509E-01    0.7266748002E-01
         212.38    0.6066012648E-01    0.1243249918E-01    0.7309262566E-01    0.7266844846E-01
         212.86    0.6730418879E-01    0.5778821520E-02    0.7308301031E-01    0.7266939065E-01
         213.35    0.7082831887E-01    0.2250981412E-02    0.7307930029E-01    0.7267032015E-01
         213.83    0.7129652205E-01    0.1790046840E-02    0.7308656889E-01    0.7267126189E-01
         214.31    0.6860327024E-01    0.4497933838E-02    0.7310120407E-01    0.7267223241E-01
         214.80    0.6252725753E-01    0.1058631772E-01    0.7311357525E-01    0.7267322643E-01
         215.28    0.5287985457E-01    0.2022537475E-01    0.7310522932E-01    0.7267419722E-01
         215.76    0.3978565605E-01    0.3325292179E-01    0.7303857784E-01    0.7267501422E-01
         216.25    0.2423669413E-01    0.4859977711E-01    0.7283647124E-01    0.7267537542E-01
         216.73    0.9174754656E-02    0.6318811632E-01    0.7236287097E-01    0.7267467787E-01
         217.22    0.1181462480E-02    0.7032816768E-01    0.7150963016E-01    0.7267208311E-01
         217.70    0.1083284628E-01    0.5994429747E-01    0.7077714375E-01    0.7266787213E-01
         218.18    0.4279302104E-01    0.2938367319E-01    0.7217669423E-01    0.7266678304E-01
         218.67    0.7029071624E-01    0.4747541926E-02    0.7503825817E-01    0.7267202967E-01
         219.15    0.5557870534E-01    0.1765132923E-01    0.7323003457E-01    0.7267326147E-01
         219.63    0.2142819600E-01    0.4953717237E-01    0.7096536837E-01    0.7266949959E-01
         220.12    0.4181111227E-02    0.6712588219E-01    0.7130699342E-01    0.7266650507E-01
         220.60    0.6125591157E-02    0.6604868207E-01    0.7217427322E-01    0.7266542561E-01
         221.09    0.1745969461E-01    0.5523065000E-01    0.7269034461E-01    0.7266548014E-01
         221.57    0.3129478074E-01    0.4161923462E-01    0.7291401537E-01    0.7266602279E-01
         222.05    0.4448161520E-01    0.2852370257E-01    0.7300531777E-01    0.7266676200E-01
         222.54    0.5571573556E-01    0.1733322723E-01    0.7304896279E-01    0.7266759287E-01
         223.02    0.6436562471E-01    0.8709913075E-02    0.7307553778E-01    0.7266847778E-01
         223.50    0.7003189031E-01    0.3062077980E-02    0.7309396829E-01    0.7266939876E-01
         223.99    0.7242539204E-01    0.6811760863E-03    0.7310656813E-01    0.7267034297E-01
         224.47    0.7134421753E-01    0.1769024720E-02    0.7311324225E-01    0.7267129749E-01
         224.96    0.6668338051E-01    0.6427984644E-02    0.7311136516E-01    0.7267224388E-01
         225.44    0.5847760973E-01    0.1461606993E-01    0.7309367966E-01    0.7267314824E-01
         225.92    0.4700758148E-01    0.2603617676E-01    0.7304375824E-01    0.7267394184E-01
         226.41    0.3303392499E-01    0.3989245175E-01    0.7292637674E-01    0.7267448123E-01
         226.89    0.1828904897E-01    0.5438077666E-01    0.7266982563E-01    0.7267447131E-01
         227.38    0.6429867347E-02    0.6572749710E-01    0.7215736444E-01    0.7267337108E-01
         227.86    0.4330801968E-02    0.6703191554E-01    0.7136271751E-01    0.7267058837E-01
         228.34    0.2102571236E-01    0.4999622024E-01    0.7102193260E-01    0.7266709546E-01
         228.83    0.5487102503E-01    0.1814596292E-01    0.7301698795E-01    0.7266783519E-01
         229.31    0.7269922218E-01    0.2373121204E-02    0.7507234339E-01    0.7267290799E-01
         229.79    0.4814809648E-01    0.2442222423E-01    0.7257032071E-01    0.7267269202E-01
         230.28    0.1397570787E-01    0.5688336292E-01    0.7085907079E-01    0.7266888189E-01
         230.76    0.2613072866E-03    0.7112709323E-01    0.7138840052E-01    0.7266619744E-01
         231.25    0.5485097131E-02    0.6674184169E-01    0.7222693882E-01    0.7266527849E-01
         231.73    0.1959553562E-01    0.5314530551E-01    0.7274084112E-01    0.7266543624E-01
         232.21    0.3553717734E-01    0.3744832476E-01    0.7298550210E-01    0.7266610305E-01
         232.70    0.4976253610E-01    0.2332349165E-01    0.7308602775E-01    0.7266697607E-01
         233.18    0.6076735783E-01    0.1235139635E-01    0.7311875418E-01    0.7266791337E-01
         233.66    0.6804854384E-01    0.5072878273E-02    0.7312142211E-01    0.7266885231E-01
         234.15    0.7156134031E-01    0.1550219261E-02    0.7311155957E-01    0.7266976700E-01
         234.63    0.7145888320E-01    0.1638303021E-02    0.7309718622E-01    0.7267064827E-01
         235.12    0.6796708206E-01    0.5115033681E-02    0.7308211574E-01    0.7267149491E-01
         235.60    0.6131918968E-01    0.1174835923E-01    0.7306754890E-01    0.7267230817E-01
         236.08    0.5172948048E-01    0.2131908336E-01    0.7304856384E-01    0.7267307918E-01
         236.57    0.3946366487E-01    0.3353693649E-01    0.7300060136E-01    0.7267374896E-01
         237.05    0.2520718582E-01    0.4764383631E-01    0.7285102213E-01    0.7267411074E-01
         237.53    0.1111097415E-01    0.6133902384E-01    0.7244999800E-01    0.7267365430E-01
         238.02    0.2748123369E-02    0.6889363883E-01    0.7164176220E-01    0.7267155696E-01
         238.50    0.1030580612E-01    0.6048915079E-01    0.7079495691E-01    0.7266775047E-01
         238.99    0.4052772480E-01    0.3133614612E-01    0.7186387092E-01    0.7266612318E-01
         239.47    0.7051480877E-01    0.4461741569E-02    0.7497655034E-01    0.7267079071E-01
         239.95    0.5857634800E-01    0.1500455191E-01    0.7358089991E-01    0.7267262561E-01
         240.44    0.2218950376E-01    0.4874390620E-01    0.7093340997E-01    0.7266912618E-01
         240.92    0.2119482161E-02    0.6899464902E-01    0.7111413118E-01    0.7266600370E-01
         241.40    0.3621015361E-02    0.6843879019E-01    0.7205980555E-01    0.7266478888E-01
         241.89    0.1622609603E-01    0.5645497065E-01    0.7268106668E-01    0.7266482143E-01
         242.37    0.3161165023E-01    0.4135644090E-01    0.7296809113E-01    0.7266542676E-01
         242.86    0.4567810717E-01    0.2739599901E-01    0.7307410618E-01    0.7266624086E-01
         243.34    0.5686888736E-01    0.1623006509E-01    0.7309895245E-01    0.7266710112E-01
         243.82    0.6481795994E-01    0.8274298771E-02    0.7309225871E-01    0.7266794469E-01
         244.31    0.6963145045E-01    0.3446336770E-02    0.7307778722E-01    0.7266875626E-01
         244.79    0.7153118972E-01    0.1536499825E-02    0.7306768955E-01    0.7266954467E-01
         245.27    0.7066867787E-01    0.2399398172E-02    0.7306807604E-01    0.7267033072E-01
         245.76    0.6703234765E-01    0.6046766866E-02    0.7307911452E-01    0.7267113542E-01
         246.24    0.6044811903E-01    0.1264392212E-01    0.7309204115E-01    0.7267196234E-01
         246.73    0.5071538121E-01    0.2236968493E-01    0.7308506614E-01    0.7267277235E-01
         247.21    0.3793375662E-01    0.3508357349E-01    0.7301733011E-01    0.7267344663E-01
         247.69    0.2309998643E-01    0.4971485640E-01    0.7281484283E-01    0.7267372280E-01
         248.18    0.9139882432E-02    0.6321264505E-01    0.7235252748E-01    0.7267309669E-01
         248.66    0.2442858612E-02    0.6908676661E-01    0.7152962522E-01    0.7267087203E-01
         249.15    0.1313442458E-01    0.5768703941E-01    0.7082146399E-01    0.7266728095E-01
         249.63    0.4553170990E-01    0.2666428588E-01    0.7219599578E-01    0.7266636761E-01
         250.11    0.7299984782E-01    0.2088650777E-02    0.7508849860E-01    0.7267105258E-01
         250.60    0.5727405773E-01    0.1602633651E-01    0.7330039425E-01    0.7267226752E-01
         251.08    0.2101536053E-01    0.4989541292E-01    0.7091077344E-01    0.7266887351E-01
         251.56    0.2241257988E-02    0.6895931351E-01    0.7120057150E-01    0.7266604985E-01
         252.05    0.4156887327E-02    0.6794654973E-01    0.7210343706E-01    0.7266496998E-01
         252.53    0.1656781178E-01    0.5611133675E-01    0.7267914853E-01    0.7266499714E-01
         253.02    0.3173824005E-01    0.4120666084E-01    0.7294490089E-01    0.7266553233E-01
         253.50    0.4587254653E-01    0.2717691749E-01    0.7304946402E-01    0.7266626502E-01
         253.98    0.5743063110E-01    0.1565623145E-01    0.7308686255E-01    0.7266706616E-01
         254.47    0.6584926764E-01    0.7251014438E-02    0.7310028208E-01    0.7266788977E-01
         254.95    0.7092277498E-01    0.2182337672E-02    0.7310511265E-01    0.7266871941E-01
         255.43    0.7257682697E-01    0.5285222410E-03    0.7310534921E-01    0.7266954636E-01
         255.92    0.7080786298E-01    0.2295032828E-02    0.7310289581E-01    0.7267036555E-01
         256.40    0.6565448217E-01    0.7444832122E-02    0.7309931429E-01    0.7267117489E-01
         256.89    0.5717536956E-01    0.1591520303E-01    0.7309057260E-01    0.7267196471E-01
         257.37    0.4550967419E-01    0.2754701090E-01    0.7305668509E-01    0.7267268787E-01
         257.85    0.3117013994E-01    0.4177518700E-01    0.7294532694E-01    0.7267319939E-01
         258.34    0.1579475200E-01    0.5685276754E-01    0.7264751954E-01    0.7267315130E-01
         258.82    0.3621892390E-02    0.6837782678E-01    0.7199971917E-01    0.7267189255E-01
         259.30    0.3266618289E-02    0.6776727389E-01    0.7103389217E-01    0.7266883658E-01
         259.79    0.2515541679E-01    0.4581689381E-01    0.7097231061E-01    0.7266567731E-01
         260.27    0.6192731717E-01    0.1191240499E-01    0.7383972215E-01    0.7266785955E-01
         260.76    0.7045598841E-01    0.4442178141E-02    0.7489816655E-01    0.7267199741E-01
         261.24    0.3756812351E-01    0.3407606333E-01    0.7164418684E-01    0.7267009406E-01
         261.72    0.7527220524E-02    0.6323180413E-01    0.7075902465E-01    0.7266656158E-01
         262.21    0.1187805795E-02    0.7047420589E-01    0.7166201168E-01    0.7266470817E-01
         262.69    0.1076807838E-01    0.6171249378E-01    0.7248057216E-01    0.7266436906E-01
         263.17    0.2578861332E-01    0.4711056561E-01    0.7289917893E-01    0.7266480070E-01
         263.66    0.4037377462E-01    0.3267990207E-01    0.7305367670E-01    0.7266551423E-01
         264.14    0.5227395356E-01    0.2080742317E-01    0.7308137673E-01    0.7266627588E-01
         264.63    0.6108441609E-01    0.1198312600E-01    0.7306754209E-01    0.7266700946E-01
         265.11    0.6702815675E-01    0.6026539262E-02    0.7305469601E-01    0.7266771692E-01
         265.59    0.7031959106E-01    0.2736597979E-02    0.7305618904E-01    0.7266842452E-01
         266.08    0.7095201149E-01    0.2118111208E-02    0.7307012270E-01    0.7266915488E-01
         266.56    0.6871960327E-01    0.4369574727E-02    0.7308917799E-01    0.7266991717E-01
         267.04    0.6333019406E-01    0.9773682317E-02    0.7310387638E-01    0.7267070333E-01
         267.53    0.5455512217E-01    0.1854470671E-01    0.7309982888E-01    0.7267147932E-01
         268.01    0.4245108671E-01    0.3059799100E-01    0.7304907771E-01    0.7267216091E-01
         268.50    0.2777402927E-01    0.4511946630E-01    0.7289349557E-01    0.7267255971E-01
         268.98    0.1280112594E-01    0.5972234326E-01    0.7252346921E-01    0.7267229156E-01
         269.46    0.2747346441E-02    0.6906086649E-01    0.7180821293E-01    0.7267074025E-01
         269.95    0.6867828083E-02    0.6407714688E-01    0.7094497496E-01    0.7266764748E-01
         270.43    0.3332528844E-01    0.3810676357E-01    0.7143205201E-01    0.7266543711E-01
         270.92    0.6738115672E-01    0.7026264369E-02    0.7440742109E-01    0.7266854780E-01
         271.40    0.6685957259E-01    0.7453331518E-02    0.7431290411E-01    0.7267147892E-01
         271.88    0.3289119439E-01    0.3850590517E-01    0.7139709957E-01    0.7266921134E-01
         272.37    0.7174806693E-02    0.6383615707E-01    0.7101096377E-01    0.7266626596E-01
         272.85    0.2957637997E-02    0.6889897195E-01    0.7185660995E-01    0.7266483040E-01
         273.33    0.1212602438E-01    0.6039155061E-01    0.7251757499E-01    0.7266456977E-01
         273.82    0.2616972257E-01    0.4667838344E-01    0.7284810601E-01    0.7266489404E-01
         274.30    0.4048055047E-01    0.3251205416E-01    0.7299260463E-01    0.7266547201E-01
         274.79    0.5297853576E-01    0.2007760179E-01    0.7305613754E-01    0.7266615980E-01
         275.27    0.6273152374E-01    0.1035515324E-01    0.7308667698E-01    0.7266689885E-01
         275.75    0.6927848692E-01    0.3824728136E-02    0.7310321506E-01    0.7266766432E-01
         276.24    0.7235966902E-01    0.7534355236E-03    0.7311310454E-01    0.7266844442E-01
         276.72    0.7181615367E-01    0.1302464993E-02    0.7311861866E-01    0.7266923144E-01
         277.20    0.6756209159E-01    0.5556220335E-02    0.7311831193E-01    0.7267001518E-01
         277.69    0.5960883619E-01    0.1349674627E-01    0.7310558245E-01    0.7267077400E-01
         278.17    0.4816185295E-01    0.2490212723E-01    0.7306398018E-01    0.7267145784E-01
         278.66    0.3385807521E-01    0.3909800445E-01    0.7295607966E-01    0.7267195198E-01
         279.14    0.1829821138E-01    0.5440327911E-01    0.7270149049E-01    0.7267200317E-01
         279.62    0.5139843195E-02    0.6702123024E-01    0.7216107344E-01    0.7267111921E-01
         280.11    0.1714693503E-02    0.6956128474E-01    0.7127597825E-01    0.7266870964E-01
         280.59    0.1832232694E-01    0.5249723065E-01    0.7081955759E-01    0.7266552145E-01
         281.07    0.5443737154E-01    0.1851209065E-01    0.7294946219E-01    0.7266601016E-01
         281.56    0.7442813717E-01    0.8082247023E-03    0.7523636187E-01    0.7267042657E-01
         282.04    0.4908349884E-01    0.2341586244E-01    0.7249936128E-01    0.7267013314E-01
         282.53    0.1398907895E-01    0.5677550029E-01    0.7076457924E-01    0.7266687021E-01
         283.01    0.3732996922E-03    0.7101295922E-01    0.7138625892E-01    0.7266468113E-01
         283.49    0.5799105181E-02    0.6645242055E-01    0.7225152573E-01    0.7266397609E-01
         283.98    0.1984317333E-01    0.5291364060E-01    0.7275681393E-01    0.7266413424E-01
         284.46    0.3556108593E-01    0.3742855447E-01    0.7298964040E-01    0.7266468783E-01
         284.94    0.4957824283E-01    0.2350509749E-01    0.7308334032E-01    0.7266539861E-01
         285.43    0.6049289814E-01    0.1262076584E-01    0.7311366398E-01    0.7266615838E-01
         285.91    0.6783726645E-01    0.5279071890E-02    0.7311633834E-01    0.7266692011E-01
         286.40    0.7156462613E-01    0.1542585347E-02    0.7310721148E-01    0.7266766384E-01
         286.88    0.7181539737E-01    0.1277677292E-02    0.7309307466E-01    0.7266838123E-01
         287.36    0.6881194306E-01    0.4264966143E-02    0.7307690920E-01    0.7266906899E-01
         287.85    0.6280656919E-01    0.1025339541E-01    0.7305996460E-01    0.7266972596E-01
         288.33    0.5405374530E-01    0.1898650788E-01    0.7304025318E-01    0.7267034765E-01
         288.81    0.4283281062E-01    0.3017113358E-01    0.7300394419E-01    0.7267090643E-01
         289.30    0.2965218464E-01    0.4325217158E-01    0.7290435622E-01    0.7267129682E-01
         289.78    0.1592870406E-01    0.5670267331E-01    0.7263137737E-01    0.7267123018E-01
         290.27    0.5486552262E-02    0.6653410497E-01    0.7202065723E-01    0.7267014589E-01
         290.75    0.6350361015E-02    0.6477084046E-01    0.7112120147E-01    0.7266756861E-01
         291.23    0.2804113291E-01    0.4308746728E-01    0.7112860020E-01    0.7266501218E-01
         291.72    0.6274230174E-01    0.1109629597E-01    0.7383859771E-01    0.7266695843E-01
         292.20    0.6987751664E-01    0.4882899526E-02    0.7476041617E-01    0.7267042442E-01
         292.69    0.3795498718E-01    0.3376353455E-01    0.7171852173E-01    0.7266885102E-01
         293.17    0.8573854898E-02    0.6227370882E-01    0.7084756372E-01    0.7266584560E-01
         293.65    0.1810095791E-02    0.6986906699E-01    0.7167916279E-01    0.7266422009E-01
         294.14    0.1070167127E-01    0.6175556323E-01    0.7245723450E-01    0.7266387966E-01
         294.62    0.2537178623E-01    0.4749524052E-01    0.7286702675E-01    0.7266421323E-01
         295.10    0.4009746392E-01    0.3293833693E-01    0.7303580085E-01    0.7266482239E-01
         295.59    0.5243031984E-01    0.2065659905E-01    0.7308691889E-01    0.7266551322E-01
         296.07    0.6162011580E-01    0.1146844142E-01    0.7308855722E-01    0.7266620447E-01
         296.56    0.6764864505E-01    0.5426475887E-02    0.7307512093E-01    0.7266687154E-01
         297.04    0.7071909938E-01    0.2345984668E-02    0.7306508405E-01    0.7266752010E-01
         297.52    0.7097593837E-01    0.2092537305E-02    0.7306847568E-01    0.7266817206E-01
         298.01    0.6835499802E-01    0.4731929300E-02    0.7308692732E-01    0.7266885185E-01
         298.49    0.6256556267E-01    0.1054459285E-01    0.7311015552E-01    0.7266956710E-01
         298.97    0.5325236873E-01    0.1986090705E-01    0.7311327577E-01    0.7267028507E-01
         299.46    0.4037003062E-01    0.3268460959E-01    0.7305464021E-01    0.7267090600E-01
         299.94    0.2479488738E-01    0.4806887774E-01    0.7286376511E-01    0.7267121706E-01
         300.43    0.9319993686E-02    0.6309549711E-01    0.7241549079E-01    0.7267080527E-01
         300.91    0.2389174046E-03    0.7133557918E-01    0.7157449659E-01    0.7266904271E-01
         301.39    0.8220868881E-02    0.6247423389E-01    0.7069510277E-01    0.7266587427E-01
         301.88    0.4029531872E-01    0.3147558736E-01    0.7177090608E-01    0.7266444002E-01
         302.36    0.7282331315E-01    0.2253396984E-02    0.7507671013E-01    0.7266829966E-01
         302.84    0.6136654249E-01    0.1230234499E-01    0.7366888748E-01    0.7266989804E-01
         303.33    0.2347534775E-01    0.4739857910E-01    0.7087392685E-01    0.7266703365E-01
         303.81    0.2132351944E-02    0.6892512327E-01    0.7105747521E-01    0.7266447066E-01
         304.30    0.3017836943E-02    0.6901037952E-01    0.7202821647E-01    0.7266345913E-01
         304.78    0.1544503658E-01    0.5721271382E-01    0.7265775040E-01    0.7266345007E-01
         305.26    0.3099230941E-01    0.4195683444E-01    0.7294914385E-01    0.7266390283E-01
         305.75    0.4549415377E-01    0.2757027569E-01    0.7306442947E-01    0.7266453657E-01
         306.23    0.5724828489E-01    0.1585479590E-01    0.7310308078E-01    0.7266522938E-01
         306.71    0.6567270507E-01    0.7436631128E-02    0.7310933620E-01    0.7266592986E-01
         307.20    0.7067105738E-01    0.2430396781E-02    0.7310145416E-01    0.7266661573E-01
         307.68    0.7236195862E-01    0.7274351179E-03    0.7308939374E-01    0.7266728047E-01
         308.17    0.7092918205E-01    0.2151439179E-02    0.7308062123E-01    0.7266792936E-01
         308.65    0.6650933156E-01    0.6569236542E-02    0.7307856810E-01    0.7266857299E-01
         309.13    0.5913904130E-01    0.1393959540E-01    0.7307863670E-01    0.7266921472E-01
         309.62    0.4882139631E-01    0.2424173907E-01    0.7306313538E-01    0.7266983022E-01
         310.10    0.3578704844E-01    0.3720461822E-01    0.7299166667E-01    0.7267033231E-01
         310.58    0.2108303640E-01    0.5169895291E-01    0.7278198931E-01    0.7267050623E-01
         311.07    0.7717941524E-02    0.6457602780E-01    0.7229396933E-01    0.7266992063E-01
         311.55    0.2368305276E-02    0.6906720870E-01    0.7143551397E-01    0.7266800385E-01
         312.04    0.1536732535E-01    0.5543692457E-01    0.7080424992E-01    0.7266511431E-01
         312.52    0.4935977326E-01    0.2313090960E-01    0.7249068286E-01    0.7266484429E-01
         313.00    0.7387705301E-01    0.1302833747E-02    0.7517988675E-01    0.7266873153E-01
         313.49    0.5393837632E-01    0.1899518382E-01    0.7293356014E-01    0.7266914022E-01
         313.97    0.1827892707E-01    0.5253758585E-01    0.7081651292E-01    0.7266628563E-01
         314.45    0.2217299341E-02    0.6906588373E-01    0.7128318307E-01    0.7266415778E-01
         314.94    0.6074901307E-02    0.6611784802E-01    0.7219274933E-01    0.7266343365E-01
         315.42    0.1918863936E-01    0.5355660288E-01    0.7274524224E-01    0.7266355912E-01
         315.91    0.3404839243E-01    0.3893707667E-01    0.7298546910E-01    0.7266405209E-01
         316.39    0.4721694789E-01    0.2584406120E-01    0.7306100910E-01    0.7266465906E-01
         316.87    0.5759505767E-01    0.1547585171E-01    0.7307090938E-01    0.7266527929E-01
         317.36    0.6505016034E-01    0.8016176785E-02    0.7306633713E-01    0.7266589066E-01
         317.84    0.6966676164E-01    0.3400691632E-02    0.7306745328E-01    0.7266650187E-01
         318.33    0.7143915972E-01    0.1638734036E-02    0.7307789376E-01    0.7266712708E-01
         318.81    0.7021264967E-01    0.2881619063E-02    0.7309426873E-01    0.7266777525E-01
         319.29    0.6573630441E-01    0.7373611688E-02    0.7310991610E-01    0.7266844516E-01
         319.78    0.5776892739E-01    0.1534444428E-01    0.7311337167E-01    0.7266911827E-01
         320.26    0.4625687412E-01    0.2682444663E-01    0.7308132075E-01    0.7266974093E-01
         320.74    0.3168277968E-01    0.4128068340E-01    0.7296346307E-01    0.7267018395E-01
         321.23    0.1579007814E-01    0.5686781348E-01    0.7265789162E-01    0.7267016544E-01
         321.71    0.2956344073E-02    0.6905379171E-01    0.7201013579E-01    0.7266917291E-01
         322.20    0.1860678029E-02    0.6918372980E-01    0.7104440783E-01    0.7266673333E-01
         322.68    0.2311775124E-01    0.4779420454E-01    0.7091195578E-01    0.7266410248E-01
         323.16    0.6057519470E-01    0.1309376796E-01    0.7366896266E-01    0.7266560676E-01
         323.65    0.7212403937E-01    0.2843026078E-02    0.7496706545E-01    0.7266904690E-01
         324.13    0.4141921922E-01    0.3040770020E-01    0.7182691942E-01    0.7266779000E-01
         324.61    0.1078949619E-01    0.6003871047E-01    0.7082820666E-01    0.7266504844E-01
         325.10    0.2423824245E-02    0.6923089290E-01    0.7165471714E-01    0.7266354497E-01
         325.58    0.9822290158E-02    0.6259716974E-01    0.7241945989E-01    0.7266318229E-01
         326.07    0.2342058159E-01    0.4938783785E-01    0.7280841944E-01    0.7266339778E-01
         326.55    0.3785012094E-01    0.3512472133E-01    0.7297484227E-01    0.7266385918E-01
         327.03    0.5073015984E-01    0.2231607264E-01    0.7304623248E-01    0.7266442482E-01
         327.52    0.6102245971E-01    0.1205794505E-01    0.7308040476E-01    0.7266503926E-01
         328.00    0.6821703134E-01    0.4881991304E-02    0.7309902264E-01    0.7266567936E-01
         328.48    0.7202394972E-01    0.1085960496E-02    0.7310991021E-01    0.7266633360E-01
         328.97    0.7226774207E-01    0.8477625644E-03    0.7311550463E-01    0.7266699415E-01
         329.45    0.6885884894E-01    0.4256038173E-02    0.7311488711E-01    0.7266765184E-01
         329.94    0.6181095046E-01    0.1129208385E-01    0.7310303431E-01    0.7266829023E-01
         330.42    0.5131480538E-01    0.2175290002E-01    0.7306770539E-01    0.7266887503E-01
         330.90    0.3791323887E-01    0.3506874643E-01    0.7298198530E-01    0.7266933279E-01
         331.39    0.2288141786E-01    0.4990700514E-01    0.7278842299E-01    0.7266950665E-01
         331.87    0.9015006924E-02    0.6336366026E-01    0.7237866718E-01    0.7266908268E-01
         332.35    0.1974916087E-02    0.6966765234E-01    0.7164256842E-01    0.7266758849E-01
         332.84    0.1093013718E-01    0.5997403097E-01    0.7090416815E-01    0.7266502537E-01
         333.32    0.4145230932E-01    0.3041642066E-01    0.7186872999E-01    0.7266386965E-01
         333.81    0.7234655128E-01    0.2494754209E-02    0.7484130549E-01    0.7266702535E-01
         334.29    0.6307030566E-01    0.1074655251E-01    0.7381685818E-01    0.7266868936E-01
         334.77    0.2659643271E-01    0.4450878742E-01    0.7110522013E-01    0.7266643002E-01
         335.26    0.3728747725E-02    0.6733096797E-01    0.7105971570E-01    0.7266411153E-01
         335.74    0.2728235673E-02    0.6921659891E-01    0.7194483459E-01    0.7266307510E-01
         336.22    0.1424758152E-01    0.5834228951E-01    0.7258987103E-01    0.7266296977E-01
         336.71    0.2974848861E-01    0.4316815123E-01    0.7291663984E-01    0.7266333424E-01
         337.19    0.4457865850E-01    0.2847851775E-01    0.7305717625E-01    0.7266389930E-01
         337.68    0.5666271222E-01    0.1644455518E-01    0.7310726740E-01    0.7266453449E-01
         338.16    0.6524202700E-01    0.7874195176E-02    0.7311622218E-01    0.7266518068E-01
         338.64    0.7017723667E-01    0.2929927648E-02    0.7310716431E-01    0.7266581209E-01
         339.13    0.7160870668E-01    0.1482166129E-02    0.7309087280E-01    0.7266641845E-01
         339.61    0.6979114553E-01    0.3282033731E-02    0.7307317927E-01    0.7266699788E-01
         340.10    0.6499762330E-01    0.8060820562E-02    0.7305844386E-01    0.7266755471E-01
         340.58    0.5744465574E-01    0.1560423590E-01    0.7304889164E-01    0.7266809638E-01
         341.06    0.4725420760E-01    0.2578202802E-01    0.7303623562E-01    0.7266861856E-01
         341.55    0.3458358262E-01    0.3839686691E-01    0.7298044952E-01    0.7266906025E-01
         342.03    0.2022664491E-01    0.5255098506E-01    0.7277762997E-01    0.7266921381E-01
         342.51    0.7080906272E-02    0.6516907521E-01    0.7224998149E-01    0.7266862168E-01
         343.00    0.2337667815E-02    0.6897004758E-01    0.7130771539E-01    0.7266670220E-01
         343.48    0.1718917461E-01    0.5354273849E-01    0.7073191310E-01    0.7266397715E-01
         343.97    0.5269435283E-01    0.2013173814E-01    0.7282609097E-01    0.7266420516E-01
         344.45    0.7335831435E-01    0.1893316100E-02    0.7525163045E-01    0.7266783918E-01
         344.93    0.4827045877E-01    0.2419079549E-01    0.7246125426E-01    0.7266754944E-01
         345.42    0.1352637209E-01    0.5717763220E-01    0.7070400429E-01    0.7266479938E-01
         345.90    0.8936164692E-03    0.7049939567E-01    0.7139301214E-01    0.7266302065E-01
         346.38    0.7201843485E-02    0.6509609369E-01    0.7229793717E-01    0.7266251076E-01
         346.87    0.2147831549E-01    0.5132523405E-01    0.7280354954E-01    0.7266270747E-01
         347.35    0.3676751995E-01    0.3624893075E-01    0.7301645070E-01    0.7266320015E-01
         347.84    0.4999779151E-01    0.2308739200E-01    0.7308518351E-01    0.7266378705E-01
         348.32    0.6015749376E-01    0.1293710302E-01    0.7309459678E-01    0.7266438540E-01
         348.80    0.6710827275E-01    0.5977708169E-02    0.7308598092E-01    0.7266497013E-01
         349.29    0.7097872718E-01    0.2100048000E-02    0.7307877518E-01    0.7266554327E-01
         349.77    0.7187306089E-01    0.1207774492E-02    0.7308083538E-01    0.7266611767E-01
         350.25    0.6975394826E-01    0.3337772354E-02    0.7309172062E-01    0.7266670552E-01
         350.74    0.6445179566E-01    0.8651612895E-02    0.7310340856E-01    0.7266730787E-01
         351.22    0.5578750723E-01    0.1731283062E-01    0.7310033785E-01    0.7266790433E-01
         351.71    0.4380587535E-01    0.2925031180E-01    0.7305618715E-01    0.7266843842E-01
         352.19    0.2916389800E-01    0.4375672422E-01    0.7292062222E-01    0.7266878483E-01
         352.67    0.1384955863E-01    0.5874422365E-01    0.7259378228E-01    0.7266868194E-01
         353.16    0.2505472842E-02    0.6942505212E-01    0.7193052496E-01    0.7266767077E-01
         353.64    0.3893616198E-02    0.6711266669E-01    0.7100628289E-01    0.7266539801E-01
         354.12    0.2768177060E-01    0.4341146393E-01    0.7109323453E-01    0.7266325024E-01
         354.61    0.6454681793E-01    0.9442354140E-02    0.7398917207E-01    0.7266505914E-01
         355.09    0.7154291369E-01    0.3249828418E-02    0.7479274211E-01    0.7266795789E-01
         355.58    0.3859341580E-01    0.3305328010E-01    0.7164669590E-01    0.7266656842E-01
         356.06    0.8978520532E-02    0.6187566583E-01    0.7085418636E-01    0.7266410594E-01
         356.54    0.2068193852E-02    0.6963527933E-01    0.7170347318E-01    0.7266280251E-01
         357.03    0.1061116215E-01    0.6184808083E-01    0.7245924299E-01    0.7266252668E-01
         357.51    0.2500927833E-01    0.4784259768E-01    0.7285187600E-01    0.7266278290E-01
         357.99    0.3977965436E-01    0.3323980465E-01    0.7301945900E-01    0.7266326490E-01
         358.48    0.5248561151E-01    0.2059624229E-01    0.7308185380E-01    0.7266382980E-01
         358.96    0.6220102687E-01    0.1089860535E-01    0.7309963222E-01    0.7266441713E-01
         359.45    0.6865935211E-01    0.4439677886E-02    0.7309902999E-01    0.7266500207E-01
         359.93    0.7187044656E-01    0.1221665717E-02    0.7309211228E-01    0.7266557615E-01
         360.41    0.7194035464E-01    0.1145855665E-02    0.7308621031E-01    0.7266614076E-01
         360.90    0.6896098438E-01    0.4124625584E-02    0.7308560997E-01    0.7266670305E-01
         361.38    0.6294536334E-01    0.1014379380E-01    0.7308915714E-01    0.7266726858E-01
         361.87    0.5384407257E-01    0.1924175407E-01    0.7308582664E-01    0.7266782815E-01
         362.35    0.4170903718E-01    0.3133760551E-01    0.7304664269E-01    0.7266833391E-01
         362.83    0.2712067932E-01    0.4578723393E-01    0.7290791325E-01    0.7266865335E-01
         363.32    0.1209870956E-01    0.6044716452E-01    0.7254587408E-01    0.7266848986E-01
         363.80    0.1735501532E-02    0.7006480826E-01    0.7180030980E-01    0.7266733537E-01
         364.28    0.5688640410E-02    0.6515890912E-01    0.7084754953E-01    0.7266491865E-01
         364.77    0.3307256666E-01    0.3825919160E-01    0.7133175826E-01    0.7266315054E-01
         365.25    0.6833993802E-01    0.6237854350E-02    0.7457779237E-01    0.7266568649E-01
         365.74    0.6587026784E-01    0.8412510695E-02    0.7428277854E-01    0.7266782550E-01
         366.22    0.2936471126E-01    0.4175366665E-01    0.7111837791E-01    0.7266577867E-01
         366.70    0.4424648228E-02    0.6645990881E-01    0.7088455703E-01    0.7266342877E-01
         367.19    0.2947295577E-02    0.6893591713E-01    0.7188321271E-01    0.7266240082E-01
         367.67    0.1463167024E-01    0.5798309385E-01    0.7261476409E-01    0.7266233814E-01
         368.15    0.2981857171E-01    0.4313174906E-01    0.7295032077E-01    0.7266271657E-01
         368.64    0.4374747114E-01    0.2930863226E-01    0.7305610339E-01    0.7266323282E-01
         369.12    0.5487676817E-01    0.1819147244E-01    0.7306824061E-01    0.7266376363E-01
         369.61    0.6304497938E-01    0.1001532421E-01    0.7306030359E-01    0.7266428267E-01
         370.09    0.6839822608E-01    0.4662069699E-02    0.7306029577E-01    0.7266480033E-01
         370.57    0.7095931976E-01    0.2112715413E-02    0.7307203517E-01    0.7266533197E-01
         371.06    0.7056103781E-01    0.2529375748E-02    0.7309041356E-01    0.7266588618E-01
         371.54    0.6692421767E-01    0.6183638132E-02    0.7310785580E-01    0.7266646166E-01
         372.02    0.5977940828E-01    0.1333434521E-01    0.7311375349E-01    0.7266704332E-01
         372.51    0.4903416414E-01    0.2405434834E-01    0.7308851248E-01    0.7266759068E-01
         372.99    0.3506869106E-01    0.3792249244E-01    0.7299118350E-01    0.7266801038E-01
         373.48    0.1932901403E-01    0.5341006321E-01    0.7273907725E-01    0.7266810244E-01
         373.96    0.5456985805E-02    0.6674141068E-01    0.7219839648E-01    0.7266749480E-01
         374.44    0.8428989874E-03    0.7047817289E-01    0.7132107187E-01    0.7266575523E-01
         374.93    0.1586856815E-01    0.5496230402E-01    0.7083087217E-01    0.7266338764E-01
         375.41    0.5101420460E-01    0.2173751057E-01    0.7275171517E-01    0.7266350147E-01
         375.89    0.7353176394E-01    0.1576102563E-02    0.7510786650E-01    0.7266664737E-01
         376.38    0.5286483596E-01    0.1989207211E-01    0.7275690807E-01    0.7266676338E-01
         376.86    0.1936639816E-01    0.5158784402E-01    0.7095424219E-01    0.7266456503E-01
         377.35    0.4302154441E-02    0.6712728207E-01    0.7142943651E-01    0.7266298153E-01
         377.83    0.7253962578E-02    0.6496644350E-01    0.7222040608E-01    0.7266241485E-01
         378.31    0.1903544171E-01    0.5365825972E-01    0.7269370143E-01    0.7266245486E-01
         378.80    0.3328987513E-01    0.3963062579E-01    0.7292050092E-01    0.7266278442E-01
         379.28    0.4681012532E-01    0.2621506026E-01    0.7302518558E-01    0.7266324667E-01
         379.76    0.5807568990E-01    0.1499914881E-01    0.7307483871E-01    0.7266377099E-01
         380.25    0.6634506385E-01    0.6753806964E-02    0.7309887082E-01    0.7266432455E-01
         380.73    0.7124558230E-01    0.1864446911E-02    0.7311002921E-01    0.7266489088E-01
         381.22    0.7259749441E-01    0.5163070964E-03    0.7311380151E-01    0.7266546057E-01
         381.70    0.7033968191E-01    0.2771942827E-02    0.7311162474E-01    0.7266602605E-01
         382.18    0.6451062692E-01    0.8590764148E-02    0.7310139107E-01    0.7266657714E-01
         382.67    0.5527753373E-01    0.1779842484E-01    0.7307595857E-01    0.7266709469E-01
         383.15    0.4303536458E-01    0.2998269555E-01    0.7301806014E-01    0.7266753783E-01
         383.64    0.2864962954E-01    0.4423718573E-01    0.7288681527E-01    0.7266781435E-01
         384.12    0.1402997113E-01    0.5856110396E-01    0.7259107509E-01    0.7266771770E-01
         384.60    0.3343491132E-02    0.6863924216E-01    0.7198273329E-01    0.7266685608E-01
         385.09    0.4589633133E-02    0.6650193677E-01    0.7109156991E-01    0.7266487708E-01
         385.57    0.2715833558E-01    0.4392250707E-01    0.7108084264E-01    0.7266288958E-01
         386.05    0.6322090575E-01    0.1063452646E-01    0.7385543221E-01    0.7266438400E-01
         386.54    0.7100135790E-01    0.3862203416E-02    0.7486356131E-01    0.7266713641E-01
         387.02    0.3799483844E-01    0.3369288525E-01    0.7168772370E-01    0.7266591214E-01
         387.51    0.7504119207E-02    0.6326950532E-01    0.7077362453E-01    0.7266354974E-01
         387.99    0.5449982928E-03    0.7108905716E-01    0.7163405545E-01    0.7266226608E-01
         388.47    0.9916095297E-02    0.6252057112E-01    0.7243666641E-01    0.7266198513E-01
         388.96    0.2540014161E-01    0.4746236629E-01    0.7286250790E-01    0.7266223454E-01
         389.44    0.4101866161E-01    0.3202644703E-01    0.7304510864E-01    0.7266271016E-01
         389.92    0.5409413667E-01    0.1901523750E-01    0.7310937417E-01    0.7266326433E-01
         390.41    0.6365871298E-01    0.9463145826E-02    0.7312185881E-01    0.7266383260E-01
         390.89    0.6951856055E-01    0.3595001992E-02    0.7311356254E-01    0.7266438920E-01
         391.38    0.7179953889E-01    0.1298990417E-02    0.7309852930E-01    0.7266492584E-01
         391.86    0.7073408464E-01    0.2349415426E-02    0.7308350006E-01    0.7266544260E-01
         392.34    0.6655356719E-01    0.6518474372E-02    0.7307204156E-01    0.7266594395E-01
         392.83    0.5942798328E-01    0.1363625482E-01    0.7306423810E-01    0.7266643446E-01
         393.31    0.4946148714E-01    0.2358882381E-01    0.7305031095E-01    0.7266690663E-01
         393.79    0.3684150107E-01    0.3615378582E-01    0.7299528689E-01    0.7266731005E-01
         394.28    0.2235915691E-01    0.5045607996E-01    0.7281523687E-01    0.7266749155E-01
         394.76    0.8596769096E-02    0.6376711088E-01    0.7236387997E-01    0.7266711948E-01
         395.25    0.1773662674E-02    0.6975750810E-01    0.7153117077E-01    0.7266572909E-01
         395.73    0.1216447161E-01    0.5864684683E-01    0.7081131844E-01    0.7266346209E-01
         396.21    0.4433923554E-01    0.2784245764E-01    0.7218169318E-01    0.7266287384E-01
         396.70    0.7193924682E-01    0.3104829344E-02    0.7504407616E-01    0.7266577775E-01
         397.18    0.5711884037E-01    0.1617067706E-01    0.7328951743E-01    0.7266653748E-01
         397.66    0.2207703941E-01    0.4887513244E-01    0.7095217185E-01    0.7266445188E-01
         398.15    0.4071898558E-02    0.6716933172E-01    0.7124123028E-01    0.7266272257E-01
         398.63    0.6227080793E-02    0.6590661667E-01    0.7213369747E-01    0.7266208055E-01
         399.12    0.1847488273E-01    0.5422989849E-01    0.7270478123E-01    0.7266213231E-01
         399.60    0.3314795774E-01    0.3981866453E-01    0.7296662226E-01    0.7266250094E-01
         400.08    0.4651554401E-01    0.2654634189E-01    0.7306188591E-01    0.7266298387E-01
         400.57    0.5718718387E-01    0.1589577594E-01    0.7308295981E-01    0.7266349109E-01
         401.05    0.6485534601E-01    0.8221749296E-02    0.7307709530E-01    0.7266399001E-01
         401.53    0.6960978997E-01    0.3458257259E-02    0.7306804723E-01    0.7266447682E-01
         402.02    0.7158273964E-01    0.1484977065E-02    0.7306771670E-01    0.7266496207E-01
         402.50    0.7077083686E-01    0.2308798907E-02    0.7307963577E-01    0.7266546048E-01
         402.99    0.6698584480E-01    0.6112874718E-02    0.7309871952E-01    0.7266598060E-01
         403.47    0.5993565866E-01    0.1317537610E-01    0.7311103476E-01    0.7266651423E-01
         403.95    0.4943522422E-01    0.2365848964E-01    0.7309371386E-01    0.7266702585E-01
         404.44    0.3574664462E-01    0.3726160377E-01    0.7300824839E-01    0.7266743401E-01
         404.92    0.2013981736E-01    0.5263815860E-01    0.7277797596E-01    0.7266756608E-01
         405.41    0.5951907687E-02    0.6631093936E-01    0.7226284705E-01    0.7266708312E-01
         405.89    0.2729860858E-03    0.7108964779E-01    0.7136263388E-01    0.7266552835E-01
         406.37    0.1395420821E-01    0.5675358652E-01    0.7070779473E-01    0.7266319772E-01
         406.86    0.4955471865E-01    0.2298520772E-01    0.7253992637E-01    0.7266305114E-01
         407.34    0.7431057506E-01    0.1000600715E-02    0.7531117577E-01    0.7266619618E-01
         407.82    0.5245744196E-01    0.2034640282E-01    0.7280384478E-01    0.7266635947E-01
         408.31    0.1603565329E-01    0.5467900959E-01    0.7071466289E-01    0.7266404703E-01
         408.79    0.6997582413E-03    0.7057611199E-01    0.7127587024E-01    0.7266240422E-01
         409.28    0.5608747498E-02    0.6659225979E-01    0.7220100729E-01    0.7266185883E-01
         409.76    0.1978894198E-01    0.5295738986E-01    0.7274633184E-01    0.7266195856E-01
         410.24    0.3576214525E-01    0.3723288982E-01    0.7299503507E-01    0.7266235134E-01
         410.73    0.4992001317E-01    0.2317365583E-01    0.7309366899E-01    0.7266285937E-01
         411.21    0.6078978311E-01    0.1233208214E-01    0.7312186525E-01    0.7266339938E-01
         411.69    0.6794218229E-01    0.5173819161E-02    0.7311600145E-01    0.7266393123E-01
         412.18    0.7146316765E-01    0.1633857897E-02    0.7309702555E-01    0.7266443955E-01
         412.66    0.7164211227E-01    0.1438337387E-02    0.7308044965E-01    0.7266492726E-01
         413.15    0.6873882515E-01    0.4335981965E-02    0.7307480711E-01    0.7266540721E-01
         413.63    0.6285172483E-01    0.1022661862E-01    0.7307834344E-01    0.7266589018E-01
         414.11    0.5393867882E-01    0.1913826947E-01    0.7307694829E-01    0.7266637038E-01
         414.60    0.4202490160E-01    0.3101431679E-01    0.7303921839E-01    0.7266680545E-01
         415.08    0.2766736992E-01    0.4523516526E-01    0.7290253518E-01    0.7266708019E-01
         415.56    0.1285232672E-01    0.5969950551E-01    0.7255183223E-01    0.7266694602E-01
         416.05    0.2510944074E-02    0.6933608827E-01    0.7184703234E-01    0.7266599264E-01
         416.53    0.5791317210E-02    0.6517314051E-01    0.7096445772E-01    0.7266401640E-01
         417.02    0.3126417915E-01    0.4011162969E-01    0.7137580884E-01    0.7266252196E-01
         417.50    0.6532448389E-01    0.8993952643E-02    0.7431843653E-01    0.7266444075E-01
         417.98    0.6609756159E-01    0.8238884769E-02    0.7433644636E-01    0.7266637594E-01
         418.47    0.3329140803E-01    0.3812551779E-01    0.7141692581E-01    0.7266493149E-01
         418.95    0.8414388377E-02    0.6259315614E-01    0.7100754451E-01    0.7266301765E-01
         419.43    0.5033091661E-02    0.6684864561E-01    0.7188173727E-01    0.7266211652E-01
         419.92    0.1469449656E-01    0.5787769094E-01    0.7257218750E-01    0.7266201292E-01
         420.40    0.2846766532E-01    0.4443383590E-01    0.7290150123E-01    0.7266228851E-01
         420.89    0.4175024969E-01    0.3126656368E-01    0.7301681337E-01    0.7266269601E-01
         421.37    0.5289180515E-01    0.2015266233E-01    0.7304446747E-01    0.7266313432E-01
         421.85    0.6151272913E-01    0.1153745190E-01    0.7305018103E-01    0.7266357818E-01
         422.34    0.6755454099E-01    0.5503510243E-02    0.7305805123E-01    0.7266403004E-01
         422.82    0.7091510912E-01    0.2156953975E-02    0.7307206309E-01    0.7266449690E-01
         423.30    0.7138637324E-01    0.1703027065E-02    0.7308940031E-01    0.7266498250E-01
         423.79    0.6870123325E-01    0.4404292079E-02    0.7310552533E-01    0.7266548540E-01
         424.27    0.6260962862E-01    0.1050410734E-01    0.7311373596E-01    0.7266599652E-01
         424.76    0.5298615410E-01    0.2011460470E-01    0.7310075881E-01    0.7266649170E-01
         425.24    0.4003151166E-01    0.3300574859E-01    0.7303726026E-01    0.7266691350E-01
         425.72    0.2470122372E-01    0.4815867971E-01    0.7285990343E-01    0.7266713281E-01
         426.21    0.9593294226E-02    0.6285583225E-01    0.7244912648E-01    0.7266688536E-01
         426.69    0.4688666635E-03    0.7120544214E-01    0.7167430880E-01    0.7266575999E-01
         427.17    0.7189745672E-02    0.6364000676E-01    0.7082975243E-01    0.7266368070E-01
         427.66    0.3690579017E-01    0.3476673397E-01    0.7167252413E-01    0.7266255948E-01
         428.14    0.6970275334E-01    0.5090126366E-02    0.7479287971E-01    0.7266496663E-01
         428.63    0.6283424787E-01    0.1107972782E-01    0.7391397569E-01    0.7266637634E-01
         429.11    0.2725475774E-01    0.4385260718E-01    0.7110736492E-01    0.7266461872E-01
         429.59    0.4784257228E-02    0.6628272354E-01    0.7106698076E-01    0.7266281958E-01
         430.08    0.3882831981E-02    0.6808582797E-01    0.7196865995E-01    0.7266203875E-01
         430.56    0.1506046463E-01    0.5753560647E-01    0.7259607109E-01    0.7266196463E-01
         431.05    0.3004787972E-01    0.4285145127E-01    0.7289933099E-01    0.7266223103E-01
         431.53    0.4455952191E-01    0.2847023768E-01    0.7302975959E-01    0.7266264306E-01
         432.01    0.5669412832E-01    0.1639032313E-01    0.7308445145E-01    0.7266311541E-01
         432.50    0.6563557907E-01    0.7471906802E-02    0.7310748587E-01    0.7266361247E-01
         432.98    0.7102784461E-01    0.2089347687E-02    0.7311719229E-01    0.7266411926E-01
         433.46    0.7271353417E-01    0.4072208871E-03    0.7312075505E-01    0.7266462890E-01
         433.95    0.7063344975E-01    0.2486229129E-02    0.7311967888E-01    0.7266513620E-01
         434.43    0.6480706233E-01    0.8303866999E-02    0.7311092933E-01    0.7266563263E-01
         434.92    0.5537692768E-01    0.1770833750E-01    0.7308526519E-01    0.7266609941E-01
         435.40    0.4274111576E-01    0.3028053140E-01    0.7302164716E-01    0.7266649446E-01
         435.88    0.2785350861E-01    0.4502045442E-01    0.7287396303E-01    0.7266672472E-01
         436.37    0.1287011238E-01    0.5967896116E-01    0.7254907354E-01    0.7266659429E-01
         436.85    0.2367754226E-02    0.6955076376E-01    0.7191851798E-01    0.7266576585E-01
         437.33    0.4585397338E-02    0.6650045721E-01    0.7108585455E-01    0.7266401817E-01
         437.82    0.2799423396E-01    0.4327191658E-01    0.7126615054E-01    0.7266247356E-01
         438.30    0.6270668117E-01    0.1126140772E-01    0.7396808889E-01    0.7266391464E-01
         438.79    0.6890629792E-01    0.5747091309E-02    0.7465338923E-01    0.7266610810E-01
         439.27    0.3795069881E-01    0.3381170175E-01    0.7176240056E-01    0.7266511283E-01
         439.75    0.9734733428E-02    0.6122332518E-01    0.7095805861E-01    0.7266323488E-01
         440.24    0.2978722198E-02    0.6873845235E-01    0.7171717454E-01    0.7266219526E-01
         440.72    0.1142366925E-01    0.6101985718E-01    0.7244352642E-01    0.7266195523E-01
         441.20    0.2588183693E-01    0.4696132504E-01    0.7284316197E-01    0.7266215392E-01
         441.69    0.4077250372E-01    0.3225122621E-01    0.7302372992E-01    0.7266254995E-01
         442.17    0.5345936448E-01    0.1963370156E-01    0.7309306604E-01    0.7266302097E-01
         442.66    0.6290213719E-01    0.1020843038E-01    0.7311056757E-01    0.7266351009E-01
         443.14    0.6883238463E-01    0.4272266079E-02    0.7310465071E-01    0.7266399169E-01
         443.62    0.7134119434E-01    0.1747426860E-02    0.7308862120E-01    0.7266445475E-01
         444.11    0.7067798239E-01    0.2391636979E-02    0.7306961937E-01    0.7266489611E-01
         444.59    0.6713562001E-01    0.5917622747E-02    0.7305324276E-01    0.7266531868E-01
         445.07    0.6095685965E-01    0.1208757666E-01    0.7304443631E-01    0.7266573077E-01
         445.56    0.5225450502E-01    0.2078759207E-01    0.7304209709E-01    0.7266613942E-01
         446.04    0.4103289828E-01    0.3199027092E-01    0.7302316920E-01    0.7266652665E-01
         446.53    0.2754435573E-01    0.4537185200E-01    0.7291620773E-01    0.7266679716E-01
         447.01    0.1333020285E-01    0.5924949374E-01    0.7257969659E-01    0.7266670290E-01
         447.49    0.3116256926E-02    0.6873345803E-01    0.7184971496E-01    0.7266581967E-01
         447.98    0.6379419268E-02    0.6454025800E-01    0.7091967727E-01    0.7266393398E-01
         448.46    0.3214211865E-01    0.3923834327E-01    0.7138046192E-01    0.7266254944E-01
         448.94    0.6576095546E-01    0.8695765220E-02    0.7445672068E-01    0.7266448281E-01
         449.43    0.6394688377E-01    0.1029870541E-01    0.7424558918E-01    0.7266618476E-01
         449.91    0.2934669233E-01    0.4189375785E-01    0.7124045018E-01    0.7266465171E-01
         450.40    0.5129306759E-02    0.6582853856E-01    0.7095784532E-01    0.7266281841E-01
         450.88    0.3422823535E-02    0.6846882803E-01    0.7189165156E-01    0.7266199097E-01
         451.36    0.1481509991E-01    0.5777774381E-01    0.7259284371E-01    0.7266191686E-01
         451.85    0.3011999815E-01    0.4280979184E-01    0.7292978999E-01    0.7266220366E-01
         452.33    0.4457125931E-01    0.2848537543E-01    0.7305663475E-01    0.7266262551E-01
         452.82    0.5631267006E-01    0.1677749325E-01    0.7309016330E-01    0.7266308229E-01
         453.30    0.6484103914E-01    0.8250497333E-02    0.7309153647E-01    0.7266353955E-01
         453.78    0.7012659968E-01    0.2962839172E-02    0.7308943885E-01    0.7266399360E-01
         454.27    0.7218957465E-01    0.9049239115E-03    0.7309449856E-01    0.7266445207E-01
         454.75    0.7094410236E-01    0.2161578746E-02    0.7310568110E-01    0.7266492146E-01
         455.23    0.6621656227E-01    0.6897713048E-02    0.7311427532E-01    0.7266539899E-01
         455.72    0.5787707601E-01    0.1522982028E-01    0.7310689628E-01    0.7266586767E-01
         456.20    0.4603953088E-01    0.2702352882E-01    0.7306305970E-01    0.7266628887E-01
         456.69    0.3136469705E-01    0.4157606784E-01    0.7294076489E-01    0.7266657963E-01
         457.17    0.1566201999E-01    0.5698817649E-01    0.7265019648E-01    0.7266656229E-01
         457.65    0.3094359508E-02    0.6895646109E-01    0.7205082060E-01    0.7266591140E-01
         458.14    0.1701425802E-02    0.6945775644E-01    0.7115918224E-01    0.7266432035E-01
         458.62    0.2137797852E-01    0.4961415415E-01    0.7099213267E-01    0.7266255644E-01
         459.10    0.5725011449E-01    0.1622381912E-01    0.7347393361E-01    0.7266341142E-01
         459.59    0.7084442054E-01    0.4120365352E-02    0.7496478589E-01    0.7266583392E-01
         460.07    0.4326961496E-01    0.2882849262E-01    0.7209810757E-01    0.7266523694E-01
         460.56    0.1278392824E-01    0.5812194902E-01    0.7090587726E-01    0.7266338887E-01
         461.04    0.3401338171E-02    0.6821629137E-01    0.7161762954E-01    0.7266229154E-01
         461.52    0.1034810640E-01    0.6204388838E-01    0.7239199478E-01    0.7266200821E-01
         462.01    0.2406090981E-01    0.4875770878E-01    0.7281861860E-01    0.7266217220E-01
         462.49    0.3864385603E-01    0.3436277802E-01    0.7300663405E-01    0.7266253251E-01
         462.97    0.5137631851E-01    0.2170087631E-01    0.7307719482E-01    0.7266296581E-01
         463.46    0.6121413964E-01    0.1188124141E-01    0.7309538105E-01    0.7266341718E-01
         463.94    0.6788565668E-01    0.5206081878E-02    0.7309173855E-01    0.7266386381E-01
         464.43    0.7144726694E-01    0.1634672133E-02    0.7308193907E-01    0.7266429931E-01
         464.91    0.7204993897E-01    0.1025254202E-02    0.7307519317E-01    0.7266472688E-01
         465.39    0.6980012318E-01    0.3275717581E-02    0.7307584076E-01    0.7266515423E-01
         465.88    0.6469289785E-01    0.8389547085E-02    0.7308244494E-01    0.7266558756E-01
         466.36    0.5663203561E-01    0.1645366150E-01    0.7308569710E-01    0.7266602335E-01
         466.84    0.4556912020E-01    0.2749404401E-01    0.7306316421E-01    0.7266643490E-01
         467.33    0.3183713344E-01    0.4112938726E-01    0.7296652070E-01    0.7266674555E-01
         467.81    0.1685021896E-01    0.5584840148E-01    0.7269862044E-01    0.7266677851E-01
         468.30    0.4425712387E-02    0.6768290286E-01    0.7210861525E-01    0.7266620189E-01
         468.78    0.2468552767E-02    0.6872135398E-01    0.7118990674E-01    0.7266467837E-01
         469.26    0.2124140012E-01    0.4970623483E-01    0.7094763495E-01    0.7266290822E-01
         469.75    0.5664548881E-01    0.1679647679E-01    0.7344196560E-01    0.7266371055E-01
         470.23    0.6967646946E-01    0.5332647220E-02    0.7500911668E-01    0.7266612352E-01
         470.71    0.4068788037E-01    0.3129611634E-01    0.7198399671E-01    0.7266542246E-01
         471.20    0.9922876872E-02    0.6084519952E-01    0.7076807639E-01    0.7266347447E-01
         471.68    0.1982197554E-02    0.6959328967E-01    0.7157548723E-01    0.7266235858E-01
         472.17    0.1082108621E-01    0.6160253092E-01    0.7242361712E-01    0.7266211397E-01
         472.65    0.2575056320E-01    0.4711944175E-01    0.7287000495E-01    0.7266232676E-01
         473.13    0.4053829783E-01    0.3249846322E-01    0.7303676105E-01    0.7266270961E-01
         473.62    0.5276125339E-01    0.2031295784E-01    0.7307421123E-01    0.7266312994E-01
         474.10    0.6187618419E-01    0.1119633901E-01    0.7307252320E-01    0.7266354769E-01
         474.59    0.6793094862E-01    0.5140148546E-02    0.7307109717E-01    0.7266396313E-01
         475.07    0.7096977940E-01    0.2110145112E-02    0.7307992451E-01    0.7266438672E-01
         475.55    0.7087285633E-01    0.2223455961E-02    0.7309631229E-01    0.7266482611E-01
         476.04    0.6739547200E-01    0.5717541756E-02    0.7311301375E-01    0.7266528159E-01
         476.52    0.6028310562E-01    0.1283563527E-01    0.7311874090E-01    0.7266574195E-01
         477.00    0.4944861657E-01    0.2364398678E-01    0.7309260335E-01    0.7266617488E-01
         477.49    0.3528785324E-01    0.3770392836E-01    0.7299178160E-01    0.7266650477E-01
         477.97    0.1930097245E-01    0.5343085895E-01    0.7273183141E-01    0.7266657089E-01
         478.46    0.5244162823E-02    0.6693843974E-01    0.7218260256E-01    0.7266608154E-01
         478.94    0.6098186412E-03    0.7071413977E-01    0.7132395841E-01    0.7266472586E-01
         479.42    0.1546200352E-01    0.5547283227E-01    0.7093483579E-01    0.7266298026E-01
         479.91    0.4910124007E-01    0.2379001871E-01    0.7289125878E-01    0.7266321038E-01
         480.39    0.6924728669E-01    0.5692229332E-02    0.7493951602E-01    0.7266550273E-01
         480.87    0.4935362180E-01    0.2331194971E-01    0.7266557151E-01    0.7266550280E-01
         481.36    0.1894738123E-01    0.5213792343E-01    0.7108530466E-01    0.7266391466E-01
         481.84    0.5907437361E-02    0.6564397407E-01    0.7155141143E-01    0.7266279769E-01
         482.33    0.9352315719E-02    0.6292493071E-01    0.7227724643E-01    0.7266241098E-01
         482.81    0.2083769352E-01    0.5187101068E-01    0.7270870420E-01    0.7266245737E-01
         483.29    0.3458468255E-01    0.3833310800E-01    0.7291779054E-01    0.7266271295E-01
         483.78    0.4764911675E-01    0.2536869209E-01    0.7301780885E-01    0.7266306805E-01
